Haddock in the Northern Shelf (IV, IIIa, VIa) (WGNSSK 2018): total catch numbers
1	2
1965	2017														
0	15														
1
650218.282	368559.987	16491.407	721514.001	36301.477	4953.910	2245.401	626.249	117.982	96.682	46.987	0.000	0.000	0.000	0.000	0.000
1672925.417	1007516.963	26186.128	7535.711	459940.835	11903.484	1109.184	632.801	221.998	89.706	22.948	2.086	0.000	0.000	0.000	0.000
345370.770	856338.895	108400.694	5814.175	3850.063	202830.204	2843.052	223.445	230.635	61.420	33.535	0.000	0.000	0.000	0.000	0.000
11132.623	1226448.266	477602.995	22671.296	2302.942	3209.840	60033.715	1051.560	83.695	21.678	5.201	0.000	0.000	0.000	0.000	0.000
75300.954	20553.539	3736628.522	313592.772	9029.003	2677.684	2894.267	23704.359	391.519	32.413	6.794	0.000	0.000	0.000	0.000	0.000
941789.599	272466.895	218880.538	2003200.606	60199.772	1349.820	1285.026	400.808	6539.134	80.640	13.440	18.666	0.000	0.000	0.000	0.000
337277.073	1881729.331	74865.788	50845.119	480380.942	10916.482	589.379	201.356	167.306	1767.037	176.377	3.271	4.907	0.000	0.000	0.000
255110.109	696713.547	671965.140	43309.128	23546.982	211817.117	4067.029	240.776	52.667	27.195	474.672	11.197	0.000	0.000	0.000	0.000
79461.440	412305.296	587335.292	260080.067	6449.686	5688.524	72651.628	1406.468	139.663	34.417	234.445	48.785	5.047	0.000	0.000	0.000
665109.879	1283252.112	187149.003	342627.953	60523.301	1955.911	1794.798	22379.755	345.479	56.961	62.998	3.582	6.775	4.208	0.000	0.000
51795.536	2276936.853	673959.566	62174.993	112242.242	17690.749	1077.584	717.901	6167.642	338.665	70.394	11.415	0.000	7.610	0.000	0.000
171400.013	192030.105	1127519.681	225532.421	11538.245	32677.242	5863.731	227.628	83.877	1862.588	63.888	3.252	4.976	0.000	0.000	0.000
119505.558	263701.706	109480.199	426291.009	45755.771	4983.837	6756.535	1607.532	162.751	40.403	459.951	7.584	0.000	1.261	0.000	0.000
281785.300	223294.207	130962.944	31141.379	144703.369	11790.981	1582.275	2322.040	739.964	122.324	32.691	274.521	15.650	2.361	0.000	0.000
844410.100	261156.173	220200.296	45487.250	7977.970	38096.814	3068.620	376.677	628.850	180.659	57.338	13.303	52.208	2.666	0.000	0.000
374573.000	439673.668	374310.064	80225.002	11364.321	2039.646	11143.258	826.735	142.818	167.522	95.608	33.932	8.961	7.217	1.121	0.000
645352.100	116228.638	430149.153	180552.554	17043.537	2225.406	496.511	3320.434	164.192	78.044	25.748	32.088	5.465	1.058	4.407	0.000
275507.500	217833.540	89989.100	390346.919	49834.705	4275.332	820.426	551.027	1071.542	60.207	27.574	8.189	2.049	2.049	0.000	0.000
513033.600	148158.253	222771.858	83199.085	166811.732	20054.615	2364.957	337.847	254.584	385.324	93.445	21.287	4.108	4.153	0.000	0.000
95862.220	483044.846	139886.547	143821.257	29321.284	56077.469	6238.085	967.459	127.237	84.454	185.407	18.539	5.342	1.141	1.050	0.000
127002.500	161399.651	441784.738	80604.965	41508.136	7082.003	18393.456	1928.804	295.749	55.771	29.090	144.384	8.542	0.148	0.102	1.027
45703.320	137091.011	144074.747	328015.655	29497.477	10595.105	1685.514	4421.134	580.871	155.584	56.392	47.466	37.037	16.385	3.503	0.531
10248.585	253235.965	259369.210	56406.946	92704.860	6214.307	3993.260	1186.605	2596.348	461.700	55.998	64.694	35.155	32.399	17.058	7.608
16679.137	33092.064	424013.730	96795.311	17160.980	27727.809	2029.927	874.018	367.725	1076.315	94.713	20.592	12.274	13.221	16.726	1.342
19587.151	51742.871	43162.071	216358.876	21014.882	4189.494	7670.836	762.959	284.676	170.280	468.691	69.219	7.577	3.116	2.369	1.376
19285.977	82570.741	78881.169	17811.035	60888.136	4372.828	1104.026	1839.190	254.288	99.887	53.651	13.203	11.597	1.195	3.509	2.048
128703.000	188086.637	101425.032	24821.865	4705.960	17617.576	1387.552	684.373	1024.308	171.226	65.052	11.007	10.858	0.571	1.525	2.041
277933.300	166550.480	255050.844	43256.901	7162.050	1486.257	6376.206	611.134	337.169	400.832	149.327	22.274	6.078	2.434	0.000	0.000
136840.600	302610.215	269219.733	123468.677	11822.002	1985.571	669.058	2049.716	215.443	210.390	188.487	83.758	3.821	4.371	0.000	0.000
89104.380	91673.553	339428.478	106673.460	35055.710	3381.272	600.783	366.225	745.716	131.595	47.646	36.296	26.082	4.782	0.270	0.000
200150.500	336460.434	119210.349	182969.235	33802.297	9236.640	897.577	160.751	155.264	151.257	21.155	8.362	6.326	1.998	0.745	0.000
167031.700	46796.612	505401.072	73986.890	66245.066	11159.050	4058.193	1079.990	75.122	71.761	37.398	9.035	7.677	3.025	1.099	0.000
36953.510	162449.428	107657.410	251339.076	18036.772	18287.918	2762.199	937.392	121.234	15.759	18.113	4.503	4.208	4.446	1.548	0.440
21919.330	88387.069	224037.311	60861.159	128347.564	7110.226	4589.825	849.764	263.229	59.648	7.226	8.391	2.827	2.443	0.531	1.178
90634.090	69455.437	119093.789	110046.409	28509.679	45221.265	2700.282	2046.740	438.058	52.577	7.909	2.784	3.254	1.890	0.475	0.414
12630.407	397390.132	110380.672	61263.214	33136.550	7253.691	9934.758	765.305	367.015	52.937	13.127	1.968	1.334	0.885	0.271	0.295
3517.517	95085.565	633162.208	34548.033	12078.397	5573.086	2093.607	1610.739	257.183	89.036	27.988	3.264	3.982	0.091	0.018	0.119
50927.420	36063.290	99685.284	372035.541	7812.410	2801.352	1614.587	729.428	602.785	282.659	24.635	8.065	5.212	0.047	0.000	0.000
7081.983	13136.480	15234.286	48729.255	127241.133	2166.016	785.943	339.026	143.565	100.144	47.549	5.474	1.240	0.100	0.131	0.335
3757.724	25697.715	24627.465	8957.517	38784.118	97826.868	1009.800	247.718	82.229	41.527	36.996	11.528	1.308	0.016	0.007	0.043
8779.250	17695.056	24596.246	15085.454	5445.570	27745.132	61456.994	371.277	131.548	38.459	10.701	7.556	3.952	0.718	0.004	0.000
3229.370	122536.878	30994.925	20656.980	11283.612	6078.466	16415.243	32978.416	155.506	55.728	20.363	6.814	3.584	0.821	0.247	0.148
2045.634	20565.277	171599.946	16795.508	8187.407	4781.610	2237.000	6876.206	7253.942	75.332	7.868	13.937	2.981	1.052	0.070	0.000
3779.924	15004.648	31863.656	75340.521	4756.797	2049.525	1515.987	565.540	1431.640	2570.150	5.315	8.194	0.715	0.533	0.007	0.289
10482.985	11042.386	15302.841	20763.557	78512.712	1860.398	845.125	567.400	238.799	276.397	569.257	5.993	1.506	0.328	0.020	0.000
2929.811	108138.516	17377.345	17833.780	11301.329	38133.639	852.598	415.855	160.080	83.260	84.641	147.526	8.920	0.294	0.055	3.234
3002.539	6081.649	66355.358	17090.928	14138.102	11494.796	23124.094	677.487	281.787	95.263	16.841	5.494	60.105	0.000	0.000	0.000
1318.560	3388.780	5260.012	66108.501	5387.844	3670.396	2415.528	7899.792	156.799	178.273	68.114	44.165	56.800	24.331	3.719	0.000
1285.241	11997.971	4394.489	4837.627	68898.967	2269.169	1539.400	879.276	3896.239	36.640	6.926	7.640	1.992	2.401	1.783	0.000
3536.576	7504.356	19837.523	4818.149	7799.284	46760.393	1103.504	979.821	390.178	1706.261	14.087	6.338	1.074	1.149	0.000	2.169
3820.298	27636.848	15798.991	17624.182	1730.316	5166.355	22109.442	1058.567	433.034	437.093	781.659	106.967	0.409	0.321	0.000	0.000
1845.021	10257.532	61898.811	8779.577	5537.099	646.049	506.613	10149.963	261.911	150.785	8.782	146.458	8.485	0.024	0.047	1.278
2592.583	12664.745	23033.468	55077.260	3213.593	1517.339	141.925	372.972	1482.196	509.307	5.426	20.006	5.128	0.651	0.254	0.514



