Haddock in the Northern Shelf (IV, IIIa, VIa) (WGNSSK 2018): total catch mean weights-at-age
1	3
1965	2017														
0	15														
1
0.010	0.070	0.227	0.370	0.655	0.846	1.170	1.190	1.479	1.714	2.175	0.000	0.000	0.000	0.000	0.000
0.010	0.088	0.247	0.394	0.536	0.962	1.254	1.512	1.827	1.723	2.955	2.035	0.000	0.000	0.000	0.000
0.014	0.116	0.278	0.478	0.591	0.641	1.072	1.511	1.898	2.084	2.342	0.000	0.000	0.000	0.000	0.000
0.010	0.129	0.254	0.516	0.743	0.827	0.829	1.483	2.071	2.622	2.065	0.000	0.000	0.000	0.000	0.000
0.012	0.064	0.217	0.410	0.817	0.905	1.029	1.074	1.808	2.772	3.259	0.000	0.000	0.000	0.000	0.000
0.013	0.075	0.222	0.353	0.738	0.925	1.195	1.246	1.427	2.438	3.489	3.864	0.000	0.000	0.000	0.000
0.012	0.109	0.246	0.359	0.509	0.888	1.269	1.525	1.338	1.284	1.961	4.270	3.513	0.000	0.000	0.000
0.025	0.117	0.242	0.383	0.503	0.585	0.987	1.380	1.967	1.979	1.618	2.861	0.000	0.000	0.000	0.000
0.043	0.118	0.239	0.369	0.578	0.611	0.648	1.044	1.378	2.658	1.603	1.988	2.123	0.000	0.000	0.000
0.025	0.129	0.226	0.339	0.536	0.867	0.828	0.863	1.377	1.704	1.854	4.057	1.927	0.890	0.000	0.000
0.023	0.105	0.240	0.353	0.442	0.678	1.190	1.077	1.031	1.564	2.188	2.764	0.000	3.318	0.000	0.000
0.014	0.129	0.225	0.394	0.505	0.578	0.916	1.829	1.656	1.247	2.296	2.425	1.679	0.000	0.000	0.000
0.020	0.111	0.238	0.339	0.586	0.612	0.787	1.160	1.715	1.971	1.490	2.067	0.000	3.898	0.000	0.000
0.011	0.104	0.254	0.396	0.424	0.707	0.784	0.921	1.350	1.995	1.990	1.329	2.182	4.475	0.000	0.000
0.009	0.093	0.287	0.417	0.611	0.669	0.931	1.241	1.320	1.453	2.505	1.575	1.233	1.580	0.000	0.000
0.012	0.081	0.276	0.464	0.693	0.985	0.908	1.264	1.511	1.501	1.676	3.104	1.050	2.134	2.921	0.000
0.009	0.060	0.264	0.445	0.726	1.055	1.222	1.195	1.545	1.672	1.531	1.515	2.982	4.273	1.896	0.000
0.010	0.074	0.286	0.423	0.759	1.109	1.415	1.578	1.466	2.136	2.122	1.877	1.886	3.179	0.000	0.000
0.011	0.132	0.303	0.431	0.612	0.904	1.211	1.191	1.630	1.460	1.449	1.972	2.853	4.689	0.000	0.000
0.010	0.142	0.303	0.461	0.645	0.736	1.077	1.205	1.821	2.030	1.732	1.950	2.422	2.822	4.995	0.000
0.010	0.148	0.296	0.466	0.649	0.835	0.934	1.344	1.638	2.097	2.109	2.061	2.555	2.471	2.721	4.139
0.023	0.123	0.261	0.406	0.600	0.848	1.195	1.098	1.524	1.356	2.178	2.366	2.498	2.993	2.778	2.894
0.010	0.125	0.264	0.405	0.594	0.974	1.215	1.322	1.260	1.358	1.870	2.132	2.609	2.450	2.768	2.638
0.042	0.163	0.232	0.411	0.581	0.731	1.203	1.363	1.281	0.974	1.633	2.163	2.547	3.139	3.435	2.863
0.036	0.200	0.282	0.367	0.590	0.770	0.935	1.259	1.586	1.507	1.034	1.534	2.431	2.559	2.307	0.980
0.040	0.187	0.313	0.422	0.506	0.795	0.995	1.179	1.495	1.898	2.519	2.259	2.188	0.562	1.852	4.731
0.030	0.175	0.308	0.454	0.574	0.644	0.959	1.136	1.313	1.701	2.163	2.012	1.622	1.070	1.208	2.888
0.019	0.102	0.306	0.466	0.717	0.923	0.903	1.382	1.514	1.813	2.014	2.064	2.441	1.781	0.000	0.000
0.010	0.110	0.282	0.454	0.660	0.877	1.053	1.062	1.545	1.460	1.830	1.894	2.155	2.460	0.000	0.000
0.018	0.121	0.247	0.435	0.599	0.846	1.240	1.274	1.289	1.573	2.060	2.070	2.834	2.403	2.523	0.000
0.012	0.107	0.290	0.369	0.581	0.774	1.058	1.418	1.261	1.320	1.889	2.491	1.713	1.699	2.243	0.000
0.022	0.126	0.241	0.382	0.484	0.746	0.847	0.825	1.616	1.538	1.433	1.830	2.358	2.636	3.433	0.000
0.029	0.138	0.280	0.360	0.585	0.634	0.923	0.997	1.293	2.196	1.961	2.058	2.757	2.270	2.867	2.782
0.027	0.153	0.255	0.396	0.444	0.665	0.777	1.041	1.109	1.251	2.373	2.334	1.656	2.433	2.085	2.509
0.025	0.166	0.250	0.356	0.477	0.510	0.735	0.798	0.826	1.305	1.533	2.478	2.086	2.698	2.904	2.220
0.052	0.121	0.256	0.355	0.480	0.605	0.656	1.033	0.973	1.529	1.911	2.323	2.365	2.310	3.595	1.843
0.029	0.111	0.219	0.321	0.466	0.658	0.735	0.945	1.690	1.148	1.725	2.923	1.286	2.534	1.239	3.425
0.017	0.109	0.255	0.311	0.527	0.703	0.829	0.818	1.279	1.945	1.798	1.839	2.352	2.762	0.000	0.000
0.024	0.082	0.221	0.327	0.400	0.681	0.758	1.110	1.281	1.612	2.022	2.219	2.506	2.606	1.981	3.092
0.039	0.139	0.238	0.378	0.395	0.440	0.686	0.926	1.184	1.602	1.753	2.605	2.170	0.000	0.000	0.000
0.054	0.160	0.271	0.364	0.495	0.479	0.522	0.925	1.054	1.373	1.847	2.750	2.545	2.309	3.431	0.000
0.042	0.126	0.283	0.352	0.442	0.507	0.538	0.550	1.048	1.395	2.031	2.525	1.834	3.532	5.274	2.580
0.042	0.159	0.227	0.407	0.478	0.538	0.657	0.700	0.745	0.902	2.272	0.971	1.712	2.348	4.244	0.000
0.030	0.170	0.256	0.366	0.593	0.662	0.714	0.928	0.924	0.878	1.689	1.970	0.988	0.224	3.792	3.024
0.048	0.175	0.305	0.323	0.388	0.677	0.799	0.839	1.308	1.318	1.025	1.045	1.150	3.091	2.115	0.000
0.016	0.078	0.288	0.411	0.454	0.466	0.710	0.899	1.269	1.431	1.366	1.420	2.766	2.214	2.677	2.588
0.017	0.140	0.260	0.399	0.434	0.466	0.534	0.661	0.864	0.558	1.484	1.787	1.593	0.000	0.000	0.000
0.035	0.160	0.439	0.408	0.576	0.706	0.711	0.654	1.278	0.895	1.564	2.223	2.121	2.134	2.368	0.000
0.034	0.172	0.425	0.599	0.487	0.727	0.854	0.796	0.758	1.085	1.842	2.191	2.607	1.810	2.512	0.000
0.042	0.139	0.433	0.589	0.656	0.537	0.780	0.831	0.923	0.794	1.605	2.788	1.323	2.682	0.000	1.603
0.031	0.145	0.417	0.561	0.752	0.698	0.631	0.685	0.970	0.725	0.715	0.719	1.448	2.954	0.000	0.000
0.048	0.154	0.362	0.642	0.776	0.886	0.989	0.738	0.819	1.077	2.632	1.123	1.285	1.978	3.312	2.836
0.039	0.149	0.338	0.447	0.775	0.957	1.274	1.031	1.019	0.647	2.743	0.910	2.824	2.239	4.673	5.562


