Haddock in the Northern Shelf (IV, IIIa, VIa) (WGNSSK 2018): discards mean weights-at-age
1	3
1965	2017								
0	15														
1
0.062	0.131	0.203	0.335	0.607	0.321	0.321	0.000	0.000	0.000	0.000	0.000	0.000	0.000	0.000	0.000
0.053	0.141	0.208	0.245	0.309	0.321	0.321	0.000	0.000	0.000	0.000	0.000	0.000	0.000	0.000	0.000
0.043	0.170	0.210	0.273	0.306	0.321	0.321	0.000	0.000	0.000	0.000	0.000	0.000	0.000	0.000	0.000
0.054	0.181	0.212	0.257	0.317	0.321	0.321	0.000	0.000	0.000	0.000	0.000	0.000	0.000	0.000	0.000
0.049	0.129	0.216	0.238	0.300	0.321	0.321	0.000	0.000	0.000	0.000	0.000	0.000	0.000	0.000	0.000
0.057	0.131	0.210	0.239	0.263	0.321	0.321	0.000	0.000	0.000	0.000	0.000	0.000	0.000	0.000	0.000
0.052	0.135	0.202	0.244	0.264	0.321	0.321	0.000	0.000	0.000	0.000	0.000	0.000	0.000	0.000	0.000
0.045	0.140	0.207	0.239	0.261	0.321	0.321	0.000	0.000	0.000	0.000	0.000	0.000	0.000	0.000	0.000
0.051	0.135	0.201	0.237	0.263	0.321	0.321	0.000	0.000	0.000	0.000	0.000	0.000	0.000	0.000	0.000
0.046	0.146	0.201	0.234	0.259	0.321	0.321	0.000	0.000	0.000	0.000	0.000	0.000	0.000	0.000	0.000
0.041	0.126	0.201	0.257	0.275	0.348	0.000	0.000	0.000	0.000	0.000	0.000	0.000	0.000	0.000	0.000
0.053	0.172	0.198	0.239	0.291	0.337	0.000	0.000	0.000	0.000	0.000	0.000	0.000	0.000	0.000	0.000
0.062	0.191	0.198	0.220	0.306	0.347	0.000	0.000	0.000	0.000	0.000	0.000	0.000	0.000	0.000	0.000
0.042	0.175	0.199	0.222	0.225	0.265	0.284	0.000	0.000	0.000	0.000	0.000	0.000	0.000	0.000	0.000
0.037	0.128	0.221	0.245	0.259	0.314	0.000	0.000	0.000	0.000	0.000	0.000	0.000	0.000	0.000	0.000
0.051	0.147	0.232	0.276	0.325	0.000	0.000	0.000	0.000	0.000	0.000	0.000	0.000	0.000	0.000	0.000
0.074	0.160	0.199	0.296	0.621	0.727	0.000	0.000	0.000	0.000	0.000	0.000	0.000	0.000	0.000	0.000
0.055	0.194	0.247	0.265	0.289	0.000	0.000	0.000	0.000	0.000	0.000	0.000	0.000	0.000	0.000	0.000
0.066	0.184	0.237	0.343	0.458	0.711	0.792	0.000	0.000	0.000	0.000	0.000	0.000	0.000	0.000	0.000
0.047	0.160	0.245	0.315	0.309	0.290	0.000	0.000	0.000	0.000	0.000	0.000	0.000	0.000	0.000	0.000
0.040	0.154	0.221	0.271	0.356	0.423	0.353	0.000	0.000	0.000	0.000	0.000	0.000	0.000	0.000	0.000
0.057	0.140	0.185	0.246	0.337	0.329	0.000	0.000	0.000	0.000	0.000	0.000	0.000	0.000	0.000	0.000
0.026	0.160	0.201	0.227	0.286	0.000	0.000	0.000	0.000	0.000	0.000	0.000	0.000	0.000	0.000	0.000
0.072	0.167	0.172	0.239	0.256	0.352	0.000	0.000	0.000	0.000	0.000	0.000	0.000	0.000	0.000	0.000
0.054	0.188	0.229	0.266	0.336	0.708	0.844	0.000	2.572	0.000	3.048	0.000	0.000	0.000	0.000	0.000
0.047	0.189	0.229	0.248	0.264	0.290	0.333	0.000	0.000	0.000	0.000	0.000	0.000	0.000	0.000	0.000
0.059	0.179	0.238	0.341	0.464	0.480	0.000	0.000	0.000	0.000	0.000	0.000	0.000	0.000	0.000	0.000
0.043	0.136	0.246	0.282	0.345	0.000	0.592	0.000	0.000	0.000	0.000	0.000	0.000	0.000	0.000	0.000
0.028	0.139	0.237	0.287	0.355	0.369	0.000	0.430	0.000	0.000	0.000	0.000	0.000	0.000	0.000	0.000
0.042	0.130	0.212	0.273	0.310	0.304	0.000	0.000	0.000	0.000	0.000	0.000	0.000	0.000	0.000	0.000
0.044	0.132	0.250	0.276	0.356	0.384	0.000	0.000	0.000	0.000	0.000	0.000	0.000	0.000	0.000	0.000
0.047	0.133	0.218	0.279	0.297	0.335	0.000	0.000	0.000	0.000	0.000	0.000	0.000	0.000	0.000	0.000
0.060	0.159	0.250	0.286	0.322	0.374	0.000	0.000	0.000	0.000	0.000	0.000	0.000	0.000	0.000	0.000
0.075	0.159	0.232	0.293	0.317	0.391	0.428	0.000	0.000	0.000	0.000	0.000	0.000	0.000	0.000	0.000
0.047	0.182	0.217	0.273	0.308	0.304	0.227	0.000	0.000	0.000	0.000	0.000	0.000	0.000	0.000	0.000
0.049	0.129	0.245	0.278	0.316	0.355	0.292	0.000	0.000	0.000	0.000	0.000	0.000	0.000	0.000	0.000
0.049	0.115	0.206	0.300	0.301	0.300	0.000	0.411	0.416	0.000	0.000	0.000	0.000	0.000	0.000	0.000
0.044	0.125	0.223	0.267	0.334	0.382	0.000	0.358	0.000	0.000	0.000	0.000	0.000	0.000	0.000	0.000
0.042	0.124	0.223	0.261	0.327	0.536	0.630	0.000	0.000	0.000	0.000	0.000	0.000	0.000	0.000	0.000
0.039	0.135	0.218	0.263	0.299	0.330	0.639	0.650	0.000	0.000	0.000	0.000	0.000	0.000	0.000	0.000
0.054	0.150	0.232	0.273	0.318	0.301	0.342	0.499	0.493	0.000	0.000	0.000	0.000	0.000	0.000	0.000
0.042	0.121	0.231	0.265	0.279	0.274	0.217	0.164	0.000	0.000	0.000	0.000	0.000	0.000	0.000	0.000
0.042	0.146	0.195	0.291	0.314	0.358	0.375	0.356	0.368	0.400	0.000	0.000	0.000	0.000	0.000	0.000
0.030	0.166	0.217	0.262	0.365	0.456	0.317	0.454	0.427	0.596	0.321	0.000	0.000	0.000	0.000	0.000
0.048	0.162	0.250	0.248	0.282	0.394	0.315	0.357	0.366	0.409	0.452	0.000	0.000	0.000	0.000	0.000
0.016	0.076	0.209	0.303	0.307	0.315	0.350	0.523	0.284	0.000	0.000	1.445	0.000	0.000	0.000	0.000
0.017	0.135	0.227	0.297	0.310	0.352	0.351	0.000	0.000	0.000	2.027	2.215	0.000	0.000	0.000	0.000
0.035	0.143	0.295	0.271	0.286	0.406	0.353	0.392	0.633	0.488	0.316	0.000	0.000	0.000	0.000	0.000
0.034	0.148	0.243	0.362	0.345	0.498	1.355	0.533	0.842	0.000	2.113	0.000	0.000	0.000	0.000	0.000
0.042	0.133	0.298	0.336	0.394	0.340	0.572	0.617	0.475	0.885	0.000	0.000	0.000	0.000	0.000	0.000
0.031	0.141	0.261	0.347	0.377	0.411	0.407	0.634	0.634	0.000	1.082	0.000	0.000	0.000	0.000	0.000
0.048	0.149	0.245	0.357	0.361	0.876	0.457	0.508	0.000	0.000	0.000	0.000	0.000	0.000	0.000	0.000
0.039	0.148	0.235	0.306	0.516	0.439	0.904	0.564	0.603	0.000	2.670	0.000	0.000	1.514	0.000	0.000

