Haddock in the Northern Shelf (IV, IIIa, VIa) (WGNSSK 2018): landings numbers
1	2
1965	2017														
0	15
1
0.000	2669.737	3907.830	396363.061	30232.398	4357.635	2125.801	620.032	117.982	96.682	46.987	0.000	0.000	0.000	0.000	0.000
0.000	13034.265	6898.588	5331.752	419436.872	11113.332	1081.849	630.629	221.998	89.706	22.948	2.086	0.000	0.000	0.000	0.000
0.000	55547.695	40030.437	4627.293	3607.494	198990.701	2821.394	223.445	230.635	61.420	33.535	0.000	0.000	0.000	0.000	0.000
0.000	22107.869	151474.425	17130.045	2159.627	3176.377	59110.168	1050.508	83.695	21.678	5.201	0.000	0.000	0.000	0.000	0.000
0.000	142.511	759679.725	175763.148	7965.243	2282.063	2760.117	23451.913	391.519	32.413	6.794	0.000	0.000	0.000	0.000	0.000
0.000	2427.673	52031.006	1211535.076	53569.997	1184.209	1219.647	398.366	6539.134	80.640	13.440	18.666	0.000	0.000	0.000	0.000
0.000	35944.934	27010.756	37832.411	448351.863	10551.107	581.950	201.356	167.306	1767.037	176.377	3.271	4.907	0.000	0.000	0.000
0.000	13354.107	233966.441	35439.592	22165.158	210166.656	4053.711	240.776	52.667	27.195	474.672	11.197	0.000	0.000	0.000	0.000
0.000	7276.698	211017.522	209960.838	6085.009	5459.491	72528.409	1406.468	139.663	34.417	234.445	48.785	5.047	0.000	0.000	0.000
0.000	25699.112	55734.369	236623.596	53054.152	1868.079	1678.899	22155.968	345.479	56.961	62.998	3.582	6.775	4.208	0.000	0.000
0.000	28772.753	211494.605	41029.557	93616.905	17406.283	1073.025	717.901	6163.083	338.665	70.394	11.415	0.000	7.610	0.000	0.000
0.000	3045.354	246027.351	155161.678	11291.916	29594.059	5846.473	227.628	83.877	1862.588	63.888	3.252	4.976	0.000	0.000	0.000
0.000	8934.326	33057.579	278740.745	42737.040	4736.892	6516.354	1607.518	162.746	40.396	459.951	7.584	0.000	1.261	0.000	0.000
0.000	13913.107	55635.544	26118.658	123655.391	11479.109	1495.796	2316.571	739.955	122.324	32.686	274.521	15.650	2.361	0.000	0.000
0.000	16076.973	120455.766	38246.717	7752.068	37352.675	3052.261	376.673	628.832	180.659	57.333	13.303	52.208	2.666	0.000	0.000
0.000	11487.168	154765.364	67241.265	9977.786	1985.215	11057.185	820.186	142.818	166.434	95.608	33.932	8.961	7.217	1.121	0.000
0.000	1958.598	174018.243	128101.710	16446.756	2218.833	494.304	3320.374	164.183	78.040	25.741	32.088	5.465	1.058	4.407	0.000
0.000	7623.140	40160.570	282492.069	45732.171	3811.313	820.350	551.013	1071.519	60.203	27.574	8.189	2.049	2.049	0.000	0.000
0.000	7668.633	114118.228	57151.418	152477.440	19146.831	2200.825	337.831	254.578	385.306	93.445	21.287	4.108	4.153	0.000	0.000
0.000	22842.086	80349.057	115404.983	27330.507	52225.836	6237.929	967.408	127.227	84.443	185.389	18.538	5.342	1.141	1.050	0.000
0.000	3059.451	267558.808	75242.255	40845.925	6857.944	18360.203	1928.752	295.727	55.764	29.089	144.384	8.542	0.148	0.102	1.027
0.000	12734.941	67173.209	287995.089	29371.027	10586.776	1685.458	4421.085	580.862	155.581	56.390	47.466	37.037	16.385	3.503	0.531
0.000	11149.785	120583.979	46969.736	89771.891	6212.210	3993.203	1186.596	2596.330	461.696	55.998	64.694	35.155	32.399	17.058	7.608
0.000	2371.301	167090.060	83798.294	16114.379	27515.354	2029.882	874.001	343.721	1076.314	94.712	20.592	12.274	13.221	16.726	1.342
0.000	5445.902	17800.501	146467.420	19506.450	4129.815	7549.474	752.477	282.637	170.280	466.683	69.219	7.577	3.116	2.369	1.376
0.000	6279.437	46365.552	15679.687	54464.953	4117.433	1053.898	1760.932	249.840	99.884	53.651	13.203	11.597	1.195	3.509	2.048
0.000	21626.837	57479.619	23058.113	4646.129	17467.534	1387.525	684.365	1024.297	171.224	65.052	11.007	10.858	0.571	1.525	2.041
0.000	3543.960	128147.154	38838.015	7037.635	1483.102	6353.526	611.131	336.796	400.745	149.327	22.274	6.078	2.434	0.000	0.000
0.000	3232.415	92827.913	102780.937	11570.320	1975.884	669.048	2028.441	215.442	210.390	188.487	83.758	3.821	4.371	0.000	0.000
0.000	1484.193	75782.934	85391.217	32827.129	3344.666	600.164	366.225	745.716	131.595	47.646	36.296	26.082	4.782	0.270	0.000
0.000	2410.434	32846.265	114437.237	31198.054	9037.640	897.577	160.751	155.264	151.257	21.155	8.362	6.326	1.998	0.745	0.000
0.000	1179.092	84349.261	41652.509	55794.102	11123.050	4058.193	1079.990	75.122	71.761	37.398	9.035	7.677	3.025	1.099	0.000
0.000	2291.978	26774.060	140098.646	16152.989	17845.938	2762.199	937.392	121.234	15.759	18.113	4.503	4.208	4.446	1.548	0.440
0.000	2166.963	45449.421	42411.269	106125.203	6959.153	4578.825	849.764	263.229	59.648	7.226	8.391	2.827	2.443	0.531	1.178
0.000	1339.867	31357.492	60350.701	26260.233	42494.009	2648.400	2046.740	438.058	52.577	7.909	2.784	3.254	1.890	0.475	0.414
0.000	5508.182	32822.992	34517.278	27247.484	6927.499	9733.758	765.305	367.015	52.937	13.127	1.968	1.334	0.885	0.271	0.295
0.000	855.375	75730.778	17938.243	10928.831	5321.226	2093.607	1608.739	256.183	89.036	27.988	3.264	3.982	0.091	0.018	0.119
0.000	816.110	14892.661	124902.502	6330.404	2710.352	1614.587	618.428	602.785	282.659	24.635	8.065	5.212	0.047	0.000	0.000
0.000	52.651	2119.344	16075.568	81868.371	2141.216	776.943	339.026	143.565	100.144	47.549	5.474	1.240	0.100	0.131	0.335
0.000	495.121	3141.993	4905.860	23977.775	77262.366	996.286	239.268	82.229	41.527	36.996	11.528	1.308	0.016	0.007	0.043
0.000	788.455	5777.422	8878.237	4178.164	22914.551	56759.677	369.782	131.028	38.459	10.701	7.556	3.952	0.718	0.004	0.000
0.000	2128.767	10416.403	11779.941	8602.365	5209.367	14745.169	30350.232	148.882	54.326	19.611	6.509	3.414	0.807	0.246	0.141
0.000	1145.590	28872.650	11204.079	7360.887	4684.135	2199.369	6773.216	7182.978	75.329	7.868	13.937	2.981	1.052	0.070	0.000
0.000	299.392	6472.170	50965.188	4461.120	1985.678	1377.538	562.510	1401.875	2565.867	5.264	8.194	0.715	0.533	0.007	0.289
0.000	485.641	4604.818	9665.737	61971.827	1775.451	793.389	520.771	238.588	275.647	565.607	5.993	1.506	0.328	0.020	0.000
0.000	1088.529	5150.484	12596.787	10176.089	35718.361	827.986	415.851	146.004	83.260	84.641	146.809	8.920	0.294	0.055	3.234
0.411	223.582	16505.409	15259.949	13321.435	11382.656	22888.594	677.285	281.754	95.090	16.021	4.541	60.104	0.000	0.000	0.000
0.000	261.100	3286.403	52091.468	4884.439	3659.750	2408.261	7884.837	156.760	178.193	68.076	44.126	56.796	24.328	3.719	0.000
0.000	982.898	2493.201	4338.343	66122.717	2240.066	1526.399	866.519	3867.723	36.595	5.895	7.630	1.989	2.398	1.781	0.000
0.000	232.283	12630.332	3831.754	7625.831	42508.535	1099.842	964.606	382.170	1702.719	14.065	6.328	1.072	1.147	0.000	2.166
0.000	716.337	10567.627	16069.732	1635.168	5131.949	21107.863	1057.895	432.766	436.826	779.270	106.902	0.409	0.321	0.000	0.000
1.493	158.167	36147.571	8540.302	5499.081	641.277	496.321	10104.205	260.982	150.171	8.751	145.939	8.455	0.023	0.047	1.274
0	142.738675	10793.19193	46544.17102	3019.607454	1458.138399	130.418558	360.690743	1429.662723	495.057617	5.202288	19.446	4.984141	0.560277	0.247129	0.5

