Haddock in the Northern Shelf (IV, IIIa, VIa) (WGNSSK 2018): landings mean weights-at-age
1	3
1965	2017														
0	15														
1
0.000	0.308	0.348	0.413	0.680	0.904	1.211	1.197	1.479	1.714	2.175	0.000	0.000	0.000	0.000	0.000
0.000	0.300	0.382	0.445	0.554	1.001	1.275	1.515	1.827	1.723	2.955	2.035	0.000	0.000	0.000	0.000
0.000	0.260	0.399	0.530	0.610	0.646	1.077	1.511	1.898	2.084	2.342	0.000	0.000	0.000	0.000	0.000
0.000	0.256	0.360	0.595	0.769	0.832	0.835	1.484	2.071	2.622	2.065	0.000	0.000	0.000	0.000	0.000
0.000	0.178	0.302	0.508	0.878	0.989	1.058	1.081	1.808	2.772	3.259	0.000	0.000	0.000	0.000	0.000
0.000	0.249	0.309	0.402	0.787	0.997	1.235	1.250	1.427	2.438	3.489	3.864	0.000	0.000	0.000	0.000
0.000	0.256	0.332	0.393	0.525	0.905	1.280	1.525	1.338	1.284	1.961	4.270	3.513	0.000	0.000	0.000
0.000	0.243	0.325	0.415	0.518	0.587	0.989	1.380	1.967	1.979	1.618	2.861	0.000	0.000	0.000	0.000
0.000	0.228	0.310	0.400	0.596	0.621	0.649	1.044	1.378	2.658	1.603	1.988	2.123	0.000	0.000	0.000
0.000	0.268	0.314	0.381	0.567	0.882	0.866	0.867	1.377	1.704	1.854	4.057	1.927	0.890	0.000	0.000
0.000	0.254	0.336	0.400	0.476	0.683	1.193	1.077	1.031	1.564	2.188	2.764	0.000	3.318	0.000	0.000
0.000	0.243	0.331	0.452	0.509	0.601	0.917	1.829	1.656	1.247	2.296	2.425	1.679	0.000	0.000	0.000
0.000	0.272	0.344	0.381	0.595	0.625	0.800	1.160	1.715	1.971	1.490	2.067	0.000	3.898	0.000	0.000
0.000	0.257	0.333	0.427	0.456	0.717	0.812	0.922	1.350	1.995	1.990	1.329	2.182	4.475	0.000	0.000
0.000	0.262	0.348	0.447	0.620	0.675	0.932	1.241	1.320	1.453	2.505	1.575	1.233	1.580	0.000	0.000
0.000	0.274	0.347	0.501	0.706	0.992	0.907	1.261	1.511	1.499	1.676	3.104	1.050	2.134	2.921	0.000
0.000	0.334	0.364	0.503	0.734	1.056	1.222	1.195	1.545	1.672	1.531	1.515	2.982	4.273	1.896	0.000
0.000	0.299	0.349	0.478	0.788	1.153	1.415	1.578	1.466	2.136	2.122	1.877	1.886	3.179	0.000	0.000
0.000	0.320	0.375	0.464	0.624	0.914	1.242	1.191	1.630	1.460	1.449	1.972	2.853	4.689	0.000	0.000
0.000	0.280	0.350	0.493	0.666	0.764	1.077	1.205	1.821	2.030	1.732	1.951	2.422	2.822	4.995	0.000
0.000	0.279	0.348	0.478	0.651	0.844	0.935	1.344	1.638	2.097	2.109	2.061	2.555	2.471	2.721	4.139
0.000	0.277	0.348	0.428	0.600	0.848	1.195	1.098	1.524	1.356	2.178	2.366	2.498	2.993	2.778	2.894
0.000	0.265	0.335	0.440	0.603	0.974	1.215	1.322	1.260	1.358	1.870	2.132	2.609	2.450	2.768	2.638
0.000	0.236	0.322	0.437	0.594	0.732	1.203	1.363	1.370	0.974	1.633	2.163	2.547	3.139	3.435	2.863
0.000	0.319	0.356	0.413	0.602	0.769	0.934	1.256	1.579	1.507	1.025	1.534	2.431	2.559	2.307	0.980
0.000	0.260	0.372	0.439	0.525	0.796	1.015	1.196	1.504	1.898	2.519	2.259	2.188	0.562	1.852	4.731
0.000	0.269	0.363	0.462	0.576	0.645	0.959	1.136	1.313	1.701	2.163	2.012	1.622	1.070	1.208	2.888
0.000	0.287	0.367	0.486	0.723	0.924	0.904	1.382	1.515	1.813	2.014	2.064	2.441	1.781	0.000	0.000
0.000	0.293	0.372	0.484	0.666	0.878	1.053	1.067	1.545	1.460	1.830	1.894	2.155	2.460	0.000	0.000
0.000	0.269	0.378	0.473	0.617	0.851	1.241	1.274	1.289	1.573	2.060	2.070	2.834	2.403	2.523	0.000
0.000	0.316	0.400	0.424	0.600	0.782	1.058	1.418	1.261	1.320	1.889	2.491	1.713	1.699	2.243	0.000
0.000	0.326	0.364	0.471	0.519	0.747	0.847	0.825	1.616	1.538	1.433	1.830	2.358	2.636	3.433	0.000
0.000	0.344	0.410	0.418	0.615	0.641	0.923	0.997	1.293	2.196	1.961	2.058	2.757	2.270	2.867	2.782
0.000	0.271	0.370	0.441	0.470	0.670	0.778	1.041	1.109	1.251	2.373	2.334	1.656	2.433	2.085	2.509
0.000	0.297	0.349	0.422	0.490	0.523	0.746	0.798	0.826	1.305	1.533	2.478	2.086	2.698	2.904	2.220
0.000	0.334	0.368	0.421	0.515	0.617	0.663	1.033	0.973	1.529	1.911	2.323	2.365	2.310	3.595	1.843
0.000	0.379	0.352	0.448	0.483	0.675	0.735	0.946	1.695	1.148	1.725	2.923	1.286	2.534	1.239	3.425
0.000	0.427	0.446	0.397	0.569	0.713	0.829	0.901	1.279	1.945	1.798	1.839	2.352	2.762	0.000	0.000
0.000	0.283	0.377	0.464	0.441	0.684	0.759	1.110	1.281	1.612	2.022	2.219	2.506	2.606	1.981	3.092
0.000	0.366	0.383	0.474	0.454	0.468	0.688	0.932	1.184	1.602	1.753	2.605	2.170	0.000	0.000	0.000
0.000	0.399	0.399	0.428	0.548	0.516	0.536	0.926	1.056	1.373	1.847	2.750	2.545	2.309	3.431	0.000
0.000	0.392	0.386	0.418	0.493	0.546	0.574	0.583	1.093	1.431	2.109	2.643	1.926	3.592	5.292	2.709
0.000	0.379	0.385	0.466	0.497	0.542	0.662	0.705	0.748	0.902	2.272	0.971	1.712	2.348	4.244	0.000
0.000	0.357	0.408	0.414	0.607	0.668	0.754	0.931	0.935	0.879	1.703	1.970	0.988	0.224	3.792	3.024
0.000	0.443	0.434	0.410	0.416	0.691	0.830	0.882	1.309	1.321	1.029	1.045	1.150	3.091	2.115	0.000
0.000	0.278	0.473	0.457	0.471	0.476	0.721	0.899	1.364	1.431	1.366	1.420	2.766	2.214	2.677	2.588
0.016	0.266	0.358	0.411	0.442	0.468	0.535	0.661	0.864	0.559	1.456	1.698	1.593	0.000	0.000	0.000
0.000	0.358	0.525	0.445	0.606	0.707	0.712	0.654	1.279	0.895	1.564	2.223	2.121	2.134	2.368	0.000
0.000	0.437	0.564	0.625	0.492	0.729	0.850	0.800	0.757	1.085	1.795	2.191	2.607	1.810	2.512	0.000
0.000	0.311	0.510	0.654	0.662	0.557	0.781	0.834	0.932	0.794	1.605	2.788	1.323	2.682	0.000	1.603
0.000	0.321	0.494	0.582	0.773	0.700	0.642	0.685	0.970	0.725	0.714	0.719	1.448	2.954	0.000	0.000
0.356	0.383	0.445	0.649	0.777	0.886	0.998	0.738	0.819	1.077	2.632	1.123	1.285	1.978	3.312	2.835
0.000	0.249	0.448	0.469	0.783	0.963	1.295	1.034	1.022	0.647	2.744	0.910	2.824	2.333	4.673	5.558


