Haddock in the Northern Shelf (IV, IIIa, VIa) (WGNSSK 2018): discards numbers
1	2
1965	2017														
0	15														
1
5757.182	111653.550	4897.332	141863.440	3704.272	4.451	1.484	0.000	0.000	0.000	0.000	0.000	0.000	0.000	0.000	0.000
13832.417	445648.098	12741.861	1197.182	24643.153	35.341	2.356	0.000	0.000	0.000	0.000	0.000	0.000	0.000	0.000	0.000
46372.070	408280.900	62831.040	1031.635	218.764	1576.000	9.238	0.000	0.000	0.000	0.000	0.000	0.000	0.000	0.000	0.000
66.683	741402.097	244975.580	3512.426	97.014	14.522	185.888	0.000	0.000	0.000	0.000	0.000	0.000	0.000	0.000	0.000
4474.504	5233.528	1273331.797	39179.244	431.548	15.854	7.927	0.000	0.000	0.000	0.000	0.000	0.000	0.000	0.000	0.000
68905.299	99125.422	78340.062	306391.030	2662.673	12.983	4.328	0.000	0.000	0.000	0.000	0.000	0.000	0.000	0.000	0.000
14189.473	1275393.797	37883.374	9622.596	25647.610	65.959	1.832	0.000	0.000	0.000	0.000	0.000	0.000	0.000	0.000	0.000
18445.909	444793.840	380988.359	6846.281	1235.645	1211.923	13.318	0.000	0.000	0.000	0.000	0.000	0.000	0.000	0.000	0.000
38129.440	287558.298	363916.070	50108.352	353.800	33.250	123.219	0.000	0.000	0.000	0.000	0.000	0.000	0.000	0.000	0.000
88456.279	982287.400	99148.134	59142.847	2869.331	6.008	4.005	0.000	0.000	0.000	0.000	0.000	0.000	0.000	0.000	0.000
7478.786	1653310.500	377844.611	16384.553	13422.762	143.126	0.000	0.000	0.000	0.000	0.000	0.000	0.000	0.000	0.000	0.000
6417.713	122012.151	698428.330	41182.613	200.309	136.811	0.000	0.000	0.000	0.000	0.000	0.000	0.000	0.000	0.000	0.000
16363.658	107748.480	47070.240	79922.364	663.960	9.047	0.000	0.000	0.000	0.000	0.000	0.000	0.000	0.000	0.000	0.000
1193.000	83683.000	63997.000	4214.000	19568.000	248.000	80.000	0.000	0.000	0.000	0.000	0.000	0.000	0.000	0.000	0.000
4795.000	119245.000	82074.000	5734.000	142.000	365.000	0.000	0.000	0.000	0.000	0.000	0.000	0.000	0.000	0.000	0.000
258.000	146751.000	197725.000	4726.000	96.000	0.000	0.000	0.000	0.000	0.000	0.000	0.000	0.000	0.000	0.000	0.000
442.000	15023.000	225773.000	47838.000	157.000	1.000	0.000	0.000	0.000	0.000	0.000	0.000	0.000	0.000	0.000	0.000
505.000	36063.000	35089.000	94315.000	2293.000	0.000	0.000	0.000	0.000	0.000	0.000	0.000	0.000	0.000	0.000	0.000
24327.000	76672.000	94323.000	20914.000	12092.000	905.000	164.000	0.000	0.000	0.000	0.000	0.000	0.000	0.000	0.000	0.000
3275.000	361946.000	48893.000	23714.000	1623.000	3317.000	0.000	0.000	0.000	0.000	0.000	0.000	0.000	0.000	0.000	0.000
4924.000	146668.000	156400.000	3624.000	115.000	1.000	16.000	0.000	0.000	0.000	0.000	0.000	0.000	0.000	0.000	0.000
13007.000	84333.000	75071.000	39219.000	23.000	1.000	0.000	0.000	0.000	0.000	0.000	0.000	0.000	0.000	0.000	0.000
1996.000	159860.000	134988.000	9142.000	2795.000	2.000	0.000	0.000	0.000	0.000	0.000	0.000	0.000	0.000	0.000	0.000
7399.000	27412.000	244105.000	10535.000	427.000	10.000	0.000	0.000	24.000	0.000	0.000	0.000	0.000	0.000	0.000	0.000
10673.000	43756.000	23611.000	67102.000	1048.000	23.000	35.000	0.000	2.000	0.000	2.000	0.000	0.000	0.000	0.000	0.000
16290.000	69073.000	30530.000	1772.000	4932.000	28.000	25.000	0.000	0.000	0.000	0.000	0.000	0.000	0.000	0.000	0.000
11794.000	143967.000	40697.000	1163.000	17.000	107.000	0.000	0.000	0.000	0.000	0.000	0.000	0.000	0.000	0.000	0.000
36231.000	82605.000	115933.000	4063.000	97.000	0.000	6.000	0.000	0.000	0.000	0.000	0.000	0.000	0.000	0.000	0.000
12346.000	191714.000	163172.000	17474.000	170.000	1.000	0.000	3.000	0.000	0.000	0.000	0.000	0.000	0.000	0.000	0.000
19197.000	75840.000	254112.000	20271.000	2069.000	30.000	0.000	0.000	0.000	0.000	0.000	0.000	0.000	0.000	0.000	0.000
2118.000	231490.000	84163.000	67644.000	2539.000	199.000	0.000	0.000	0.000	0.000	0.000	0.000	0.000	0.000	0.000	0.000
22563.000	35010.000	413599.000	28996.000	10344.000	36.000	0.000	0.000	0.000	0.000	0.000	0.000	0.000	0.000	0.000	0.000
15260.000	114893.000	69948.000	106789.000	1700.000	425.000	0.000	0.000	0.000	0.000	0.000	0.000	0.000	0.000	0.000	0.000
2936.000	77065.000	162251.000	15801.000	20732.000	88.000	11.000	0.000	0.000	0.000	0.000	0.000	0.000	0.000	0.000	0.000
20814.000	57336.000	83205.000	46764.000	1905.000	2561.000	49.000	0.000	0.000	0.000	0.000	0.000	0.000	0.000	0.000	0.000
8472.000	320463.000	55818.000	24661.000	5703.000	321.000	201.000	0.000	0.000	0.000	0.000	0.000	0.000	0.000	0.000	0.000
1531.000	71284.000	521655.000	6483.000	1115.000	244.000	0.000	2.000	1.000	0.000	0.000	0.000	0.000	0.000	0.000	0.000
1120.000	21358.000	80304.000	243495.000	978.000	64.000	0.000	111.000	0.000	0.000	0.000	0.000	0.000	0.000	0.000	0.000
2937.000	7101.000	11014.000	31369.000	43849.000	13.000	9.000	0.000	0.000	0.000	0.000	0.000	0.000	0.000	0.000	0.000
3757.724	24612.650	21220.838	3967.371	14548.298	19811.498	5.457	3.981	0.000	0.000	0.000	0.000	0.000	0.000	0.000	0.000
8779.250	16730.120	18721.661	6181.439	1258.483	4825.624	4496.049	0.504	0.520	0.000	0.000	0.000	0.000	0.000	0.000	0.000
3229.370	118636.251	19862.383	8635.657	2634.361	823.254	1596.249	2520.260	5.782	1.401	0.752	0.305	0.170	0.014	0.001	0.007
2044.806	19393.039	142508.964	5585.008	825.639	97.365	37.623	102.895	70.842	0.003	0.000	0.000	0.000	0.000	0.000	0.000
3768.033	14623.302	25111.406	24195.369	243.348	46.252	133.970	2.296	29.711	4.281	0.039	0.000	0.000	0.000	0.000	0.000
10468.423	10520.963	10601.458	11049.621	16521.878	78.614	50.121	46.355	0.174	0.749	3.650	0.000	0.000	0.000	0.000	0.000
2929.811	102881.306	11871.923	5201.277	1125.241	2415.278	24.612	0.005	14.076	0.000	0.000	0.717	0.000	0.000	0.000	0.000
3001.717	5858.013	49830.461	1817.461	805.658	105.294	223.848	0.000	0.000	0.000	0.820	0.952	0.000	0.000	0.000	0.000
1318.559	3127.603	1973.310	14016.967	503.331	10.571	7.197	14.929	0.033	0.057	0.012	0.000	0.000	0.000	0.000	0.000
1285.241	11013.854	1898.207	493.923	2694.544	26.335	11.114	11.686	23.737	0.000	1.024	0.000	0.000	0.000	0.000	0.000
3536.576	7271.705	7187.212	980.333	161.390	4184.618	1.922	13.690	7.403	0.849	0.000	0.000	0.000	0.000	0.000	0.000
3820.298	26920.072	5224.899	1544.619	94.148	31.266	988.666	0.025	0.004	0.000	1.912	0.000	0.000	0.000	0.000	0.000
1843.231	9909.920	24897.575	207.374	17.331	2.490	8.526	9.753	0.000	0.000	0.000	0.000	0.000	0.000	0.000	0.000
2558.277	12352.255	11771.748	7098.181	105.653	17.001	7.650	1.874	11.231	0.000	0.073	0.000	0.000	0.073	0	0


