IRISH SEA VIIA COD WGCSE 2017 TUNING DATA 
104          
NIGfsMar
1993 2017  
1 1 0.25 0.35 
0 6     
1	0	138.121	648.763	44.599	10.421	1.417	2.769
1	0	1380.438	109.71	120.271	8.45	1.367	0
1	0	700.728	386.153	20.039	10.779	0	0.994
1	0	1106.129	329.282	111.668	1.394	8.808	0
1	0	537.298	415.843	66.723	21.392	1.394	0
1	0	169.385	769.234	56.874	11.984	0	0
1	0	49.499	253.08	241.874	15.286	2.787	0
1	0	629.595	101.053	34.576	33.014	0	2.258
1	0	406.682	561.441	18.438	5.775	4.042	0
1	0	662.163	253.311	333.543	0	0	1.129
1	0	73.865	1079.204	104.05	32.702	3.652	3.049
1	0	216.956	171.956	88.622	5.375	4.381	0
1	0	63.533	225.07	29.407	27.963	18.27	0
1	0	169.989	130.752	58.304	2.523	0	0
1	0	164.351	124.393	30.601	5.148	0	0
1	0	40.658	217.151	13.018	5.172	4.178	0.994
1	0	144	59	33	9	0	0
1	0	1022.117	208.961	14.656	2.258	0	0
1	0	353.981	414.689	46.006	2.258	2.01	0
1	0	161.898	222.819	99.271	14.25	0	0
1	0	276.592	213.675	60.082	1.491	15.547	0
1	0	314.41	222.799	53.294	13.657	5.375	0
1	0	78.96	719.35	69.19	8.56	3.05	0
1	0	349.2	175	148.3	10.7	1.12	0
1	0	69.8	445.2	57.8	12.6	0	0
NIGfsOct
1991 2017  
1 1 0.83 0.88
0 6 
1	1109.37	50.06	47.6	8.64	0	0	0
1	553.23	146.44	0.76	0	0	0	0
1	1672.49	25.44	10.44	0	0	0	0
1	1206.8	33.32	0	0	0	0	0
1	486.65	50.15	6.54	0	0	0	0
1	1322.2	97.19	0	0	0	0	0
1	376.51	163.9	5.72	0	0	0	0
1	58.47	32.48	9.49	0	0	0	0
1	301.64	2.03	0	0	0	0	0
1	506.79	109.91	0	0	0	0	0
1	487.89	37.68	12.53	0	0	0	0
1	161.45	29.4	0	0	0	0	0
1	578.97	23.71	0	0	0	0	0
1	706.13	107.72	17.28	2.89	0	0	0
1	130.2	1.47	6.58	0	0	0	0
1	86.99	0	2.98	0	0	0	0
1	17.28	17.28	0	0	0	0	0
1	213.62	6.1	0	0	0	0	0
1	171.8	2.98	0	0	0	0	0
1	92.48	53.86	3.05	3.05	0	0	0
1	107.05	1.69	6.37	2.98	0	0	0
1	321.82	32.791	20.325	0	0	3.049	0
1	41.67	79.95	20.66	0	0	0	0
1	0	55.35	39.15	6.78	0	0	0
1	224.27	0	55.42	39.06	6.81	0	0
1	14.98	0	181.79	26.6	6.1	0	0
1	429.5	44.6	10.6	3	3	0	0
UKFspW
2005 2017  
1 1 0.15 0.25
0 6
1	0	0	0.427	1.409	0.99	0.084	0.025
1	0	0.003	0.536	2.815	0.427	0.104	0.01
1	0	0.008	0.611	1.322	0.585	0.055	0.058
1	0	0.003	0.221	0.824	0.147	0.084	0.02
1	0	0.009	0.171	1.152	0.377	0.099	0.018
1	0	0	0.735	0.452	0.467	0.13	0.023
1	0	0	0.407	1.681	0.144	0.095	0.039
1	0	0	0.364	2.3	0.803	0.072	0.021
1	0	0	0.844	1.883	1.348	0.37	0.057
1	0	0	0	0	0	0	0						
1	0	0	0.602	2.041	1.169	0.256	0.045
1	0	0	1.001	6.388	1.434	0.413	0.028
1       0       0       3.060   2.853   3.844   1.008   0.227
NIMIK 
1994 2017    
1 1 0.38 0.46 
0 0   
1 57.4   
1  6.9   
1 66.3   
1  5.7   
1  0.1   
1 26.2   
1  6.1   
1  9.6   
1  3.4
1  3.2
1 25.8
1 11.4
1  9.0
1  0.0
1  0.8
1 23.6
1  5.7
1  1.4
1 10.6
1 42.6
1  8.2
1 80.4
1  0.0
1 10.6