PLE7jk, WGCSE
101																													
IRL-VMS: nos per 1000 hours
2006	2017								
1	1	0	1						
2	10								
1	250	611	790	573	186	98	17	16	35	#2006
1	482	1394	622	227	176	42	23	5	7	#2007
1	849	1648	1090	319	75	30	20	2	4	#2008
1	146	1219	853	329	116	51	0	8	7	#2009
1	585	441	627	451	191	45	16	15	11	#2010
1	270	1200	777	512	320	154	53	12	19	#2011
1	120	1236	996	360	284	121	66	18	28	#2012
1	61	471	902	340	83	52	32	12	6	#2013
1	114	569	1041	836	291	54	44	27	7	#2014
1	57	139	196	164	119	44	8	8	4	#2015
1	17	296	216	142	103	64	28	3	8	#2016
1	103	109	480	257	165	128	89	32	23	#2017
