CELTIC  SEA  SOLE.WGCSE_2018.TUNING  DATA.												
104													
BE-CBT													
1971	1996												
1	1	0	1										
2	14												
11.06	111	77	384	179	124	154	218	108	32	107	76	21	40
8.44	132	220	76	163	80	52	57	76	39	23	14	38	14
17.39	179	926	368	150	173	58	54	57	108	32	23	21	45
18.83	102	287	565	270	136	156	64	79	90	75	38	39	37
16.38	69	167	195	370	176	64	59	39	33	29	37	18	23
28.07	199	533	357	391	357	167	84	125	40	17	21	51	35
24.11	220	307	244	190	170	283	84	20	35	39	36	18	52
18.09	173	403	185	84	86	54	108	38	11	21	61	8	9
18.9	222	379	506	141	104	133	84	103	35	12	16	4	6
29.02	438	647	583	389	119	45	63	66	92	22	25	16	10
35.39	429	481	565	286	268	107	86	67	86	74	33	13	13
28.77	245	594	221	334	200	148	66	80	54	19	41	16	25
34.95	363	605	409	159	196	127	108	29	44	32	15	12	12
33.48	372	467	334	300	102	153	59	26	26	16	24	19	18
40.49	52	909	471	372	208	75	104	46	68	15	29	16	10
52.46	377	900	823	359	230	140	49	58	65	29	50	6	9
37.23	247	664	438	344	191	119	47	29	20	4	14	2	16
42.92	362	293	603	250	197	77	51	36	26	19	19	13	16
53.58	244	680	428	471	179	145	62	13	24	10	19	3	17
40.27	231	742	663	181	240	70	59	17	26	12	2	4	12
18.05	1028	380	225	131	29	26	9	7	13	8	4	1	2
25.47	327	1062	376	210	98	14	14	7	9	5	0	0.3	2
31.27	296	615	629	161	81	75	38	36	19	4	2	1	1
38.35	205	524	523	530	176	71	20	15	16	11	6	5	7
47.81	77	827	838	277	250	78	48	21	17	8	1	5	2
47.63	104	737	579	258	130	88	29	17	9	12	3	3	0
BE-CBT2													
1997	2017												
1	1	0	1										
2	14												
49.22	179	615	351	224	133	69	51	21	15	17	7	3	2
52.04	156	724	571	176	94	79	31	23	20	8	6	9	7
48.20	459	1196	579	176	61	33	10	13	5	3	1	3	0
56.08	1436	1118	414	118	19	15	13	6	2	9	3	1	1
52.33	591	1375	676	292	166	36	15	10	10	6	16	1	1
50.28	105	1230	1623	543	155	53	26	14	1	1	1	4	1
66.57	146	494	852	1167	289	146	46	18	11	2	7	0	1
86.70	365	1456	633	562	390	52	15	9	2	2	1	0	0
69.77	166	650	571	360	279	144	23	16	4	5	2	0	1
61.87	497	890	418	297	80	59	41	16	6	3	2	1	0
59.16	232	564	458	269	153	83	64	55	5	5	1	3	3
39.95	134	234	283	322	138	82	33	43	36	11	1	0	0
43.35	389	263	222	169	142	93	43	19	25	36	9	2	0
50.59	212	895	491	205	141	85	67	28	23	7	6	12	0
57.92	87	705	960	252	165	120	79	34	57	13	16	6	0
65.37	128	167	749	985	264	139	89	58	36	42	14	21	25
66.6	392	755	251	617	476	154	36	38	15	10	11	8	12
45.85	105	462	493	141	256	255	63	46	21	17	18	12	12
48.12	70	693	683	278	86	148	76	56	23	26	9	11	7
51.05	438	306	425	460	144	24	76	50	2	5	4	3	1
52.81	198	787	325	221	243	77	18	31	28	4	1	3	4
UK(E&W)-CBT													
1991	2012												
1	1	0	1										
2	14												
40.81	52	98	189	171	60	67	23	20	16	13	5	4	4
35.78	18	220	103	83	69	22	21	10	13	5	3	1	1
39.64	6	83	198	77	50	41	11	24	9	5	4	3	4
37.03	23	80	59	116	36	31	19	11	15	8	5	4	4
37.59	16	87	73	56	105	24	30	23	8	8	4	5	3
39.78	22	96	128	70	45	52	15	13	12	4	9	5	2
43	10	60	86	69	53	27	39	11	11	5	5	3	2
47.48	13	101	73	77	50	17	13	20	7	6	4	2	1
50.87	31	203	107	52	50	28	13	6	10	4	2	1	0
51.19	72	152	150	75	27	28	19	9	4	8	2	2	2
49.32	37	272	99	89	48	19	17	11	9	3	7	1	2
37.53	11	149	375	90	63	28	18	14	9	6	4	3	1
40.71	18	101	176	369	77	45	18	6	7	3	4	1	2
32.37	19	91	65	113	179	34	27	15	7	3	5	1	1
27.73	27	78	126	55	60	115	15	14	4	5	2	2	1
18.57	16	86	94	103	32	39	69	13	8	4	2	2	1
15.37	18	77	89	77	82	32	41	76	8	8	4	2	3
13.83	12	76	100	67	52	54	19	32	42	10	5	2	3
12.31	23	54	72	72	63	27	29	12	12	29	4	3	1
14.44	2	98	65	48	46	34	19	18	5	5	13	1	1
13.79	7	57	125	41	34	22	19	12	12	4	7	16	1
12.77	3	14	84	108	26	18	17	9	7	6	1	3	3
UK(E&W)-BTS-Q3					
1988	2017				
1	1	0.75	0.85		
1	5				
74.12	60	242	36	14	4
91.909	204	304	162	18	14
69.858	269	219	35	11	3
123.41	297	638	83	21	18
125.078	493	325	174	37	23
127.672	207	436	52	28	3
120.816	424	430	133	23	11
114.886	142	255	60	13	7
118.592	178	251	64	27	7
114.886	498	207	21	13	14
114.886	885	472	58	11	9
118.592	2922	297	38	16	7
118.592	1086	1608	37	26	6
118.592	449	711	307	23	9
118.592	786	283	151	121	14
118.592	465	628	55	30	56
114.886	860	434	99	15	22
118.592	407	267	38	16	7
118.592	324	238	47	16	8
118.592	424	128	51	16	8
118.592	1232	124	15	18	7
118.592	604	377	29	8	10
118.592	101	558	144	20	2
118.592	595	62	164	82	8
118.592	643	274	9	63	28
118.592	331	614	51	16	29
118.592	289	305	90	16	6
118.592	885	57	52	37	8
118.592 680	426	14	32	15	
118.592	1240	206	80	15	19