2018 WHITING AREA 6A 
105
WCIBTS.Q1
1985 2010
0.00 0.25
1 6 
1 3140.0	1792.0	380.0	85.0	23.0	156.0	
1 1456.0	1525.5	403.2	68.2	10.0	9.2	
1 6937.8	1054.4	583.5	142.4	36.0	1.9	
1 567.5		3468.9	653.6	189.3	42.0	5.3	
1 910.0		505.0	586.0	237.0	48.0	3.0	
1 1817.8	571.3	121.9	215.7	60.6	3.9	
1 3203.2	276.4	298.7	22.1	39.4	8.5	
1 4777.0	1597.0	410.0	517.0	56.0	18.0	
1 5531.9	6829.1	644.0	91.3	30.3	11.0	
1 6614.3	2443.0	1486.7	174.5	55.9	14.8	
1 5597.9	2830.6	1160.2	370.0	70.4	16.9	
1 9385.4	2236.6	635.3	341.0	135.1	29.9	
1 5662.5	2443.9	1530.8	354.8	101.7	17.5	
1 9850.6	1351.6	294.3	195.5	49.6	13.9	
1 6125.0	4952.1	489.1	102.6	16.1	0.9	
1 12862.2	470.7	152.0	33.9	10.0	11.4	
1 4653.1	1954.6	242.4	41.0	7.8	0.6	
1 5542.0	1028.0	964.1	88.5	15.2	1.1	
1 6934.0	746.0	436.0	300.0	32.0	2.0	
1 5887.2	1566.2	188.9	131.3	44.5	8.9	
1 1308.5	722.7	183.1	35.2	8.2	11.3	
1 1440.8	465.8	282.1	76.6	0.3	3.0	
1 614.0		522.0	127.4	75.3	16.1	3.4	
1 592.8		127.4	77.1	26.2	7.6	2.7
1 905.8		387	102.9	105.2	20	8.8
1 3523.4	339.8	108.4	51.7	40.3	3.9
WCIBTS.Q4
1996 2009					
0.75 1.00					
1  6 
1	1908	1116	570	188	51	6
1	2869	951	323	160	46	12
1	2713.3	1124.6	149.9	99.5	20.3	1
1	2338	582	141	33	24	1
1	4055.6	788.8	160.1	9.4	6.7	1.3
1	1957	1420	155	40	12	2
1	1590.6	620.9	479	30.2	9.1	4.8
1	3446	567	338	83	27	4
1	1758	940	83	57	62	1
1	307.6	317.5	76.1	8.8	4.4	0.9
1	295.9	139.7	100.6	34.9	8	2.7
1	433.9	326.2	99.5	82.6	48.1	0.6
1	207.5	77.6	109.7	28.1	24.2	4.1
1	236.2	177.9	49.8	57.8	12	5.6
IRIBTS.Q4
2003	2017					
0.79	0.92					
1  	6
1	6860.3	1540.7	272.6	154.4	54.3	0.5
1	1557	656	52	17.5	8	0.5
1	1392.5	703.8	56.9	3.1	2.5	0
1	419.2	366	85	10.7	1.2	0
1	1017.6	1217.3	369.3	86.7	128.6	62.2
1	2295.1	701.8	303.1	128.2	64.9	19.2
1	622.8	430.7	141.5	29.4	9	17.9
1	4565.1	701.8	177.5	56.2	30	7.2
1	2074.2	2816.7	318.5	135.4	31.6	33.1
1	3226.4	499	969.7	276.5	24	10.7
1	494	1865.5	497.7	554.6	65.1	5.6
1	7929.8	1299.7	2618.4	299.6	355.6	30
1	15266.8	3237.3	794.1	400.3	80.7	53.7
1	5918.2	8839.7	1386.6	234.3	290.4	91.5
1	1968.5	1413.7	1873.5	331.5	38.7	44.7
SCO.Q1
2011 2018						
0.00 0.25						
1  	6	
1	221.575		1884.476	396.93	64.174	36.74	44.637
1	3440.789	293.213	738.391	72.241	13.807	5.103
1	552.488	1031.293	302.489	463.463	61.363	7.413
1	5804.722	124.6	246.308	110.097	73.947	7.033
1	2544.837	759.711	284.649	259.452	65.189	57.538
1	3226.027	3485.057	575.969	148.132	83.809	42.424
1	4970.478	1981.095	1706.749	203.302	48.557	32.19
1	1960.115	1826.932	1068.986	1141.535	132.336	13.552
SCO.Q4
1996 	2009						
0.75 	1.00						
1  	6
1	1908	1116	570	188	51	6
1	2869	951	323	160	46	12
1	2713.3	1124.6	149.9	99.5	20.3	1
1	2338	582	141	33	24	1
1	4055.6	788.8	160.1	9.4	6.7	1.3
1	1957	1420	155	40	12	2
1	1590.6	620.9	479	30.2	9.1	4.8
1	3446	567	338	83	27	4
1	1758	940	83	57	62	1
1	307.6	317.5	76.1	8.8	4.4	0.9
1	295.9	139.7	100.6	34.9	8	2.7
1	433.9	326.2	99.5	82.6	48.1	0.6
1	207.5	77.6	109.7	28.1	24.2	4.1
1	236.2	177.9	49.8	57.8	12	5.6
