1


    Run title : HADDOCK LANDISC 2004 ROCKALL                                                    

    At 10/05/2017  11:33   

                   Terminal Fs derived using XSA (With F shrinkage)                              

       Table  8    Fishing mortality (F) at age                             
       YEAR,       1991,    1992,    1993,    1994,    1995,

       AGE
         1,       0.2396,  0.1770,  0.1063,  0.1409,  0.0507,
         2,       0.6025,  0.4874,  0.3354,  0.2912,  0.2516,
         3,       0.8963,  0.8084,  0.6559,  0.5957,  0.5658,
         4,       0.9329,  0.9816,  0.5171,  0.9158,  0.7831,
         5,       0.4200,  0.9703,  0.9542,  0.5280,  0.7972,
         6,       0.6285,  0.2913,  0.7429,  0.8536,  0.3189,
       +gp,       0.6285,  0.2913,  0.7429,  0.8536,  0.3189,
   FBAR  2- 5,    0.7129,  0.8119,  0.6157,  0.5827,  0.5994,
 
 
 
 
 
 
 
 
 
 
 
 
 
 
 
       Table  8    Fishing mortality (F) at age                             
       YEAR,       1996,    1997,    1998,    1999,    2000,    2001,    2002,    2003,    2004,    2005,       FBAR **-**

       AGE
         1,       0.2406,  0.1664,  0.2444,  0.4987,  0.3887,  0.1275,  0.1492,  0.1578,  0.0330,  0.0382,      0.0000,
         2,       0.5699,  0.3415,  0.5798,  0.7378,  0.8556,  0.1489,  0.2757,  0.4264,  0.1399,  0.1785,      0.0000,
         3,       0.4906,  0.3130,  0.6542,  0.8947,  1.0489,  0.2723,  0.6047,  0.7088,  0.3325,  0.4019,      0.0000,
         4,       0.5341,  0.3433,  0.5055,  0.9410,  1.2447,  0.2427,  0.7237,  0.6188,  1.5954,  0.4791,      0.0000,
         5,       0.6749,  0.5954,  0.6098,  0.8596,  1.2435,  1.0146,  0.3510,  1.1441,  1.2141,  0.4978,      0.0000,
         6,       0.6048,  0.9875,  0.7983,  1.3328,  1.3051,  1.2447,  0.7731,  0.7535,  0.9231,  0.2580,      0.0000,
       +gp,       0.6048,  0.9875,  0.7983,  1.3328,  1.3051,  1.2447,  0.7731,  0.7535,  0.9231,  0.2580,
0  FBAR  2- 5,    0.5674,  0.3983,  0.5873,  0.8583,  1.0982,  0.4196,  0.4888,  0.7245,  0.8205,  0.3893,
1


    Run title : HADDOCK LANDISC 2004 ROCKALL                                                    

    At 10/05/2017  11:33   

                   Terminal Fs derived using XSA (With F shrinkage)                              

       Table 10    Stock number at age (start of year)               Numbers*10**-3
       YEAR,       1991,    1992,    1993,    1994,    1995,

       AGE
         1,       109878,  109569,  122555,   68692,   61489,
         2,        82655,   70791,   75154,   90225,   48848,
         3,        28359,   37046,   35600,   43999,   55209,
         4,         9731,    9475,   13515,   15127,   19856,
         5,         5491,    3134,    2907,    6597,    4956,
         6,          819,    2954,     972,     916,    3186,
       +gp,         1221,     895,     747,     441,     317,
        TOTAL,    238154,  233864,  251450,  225998,  193862,
 
 
 
 
 
 
 
 
 
 
 
 
 
 
 
       Table 10    Stock number at age (start of year)               Numbers*10**-3
       YEAR,       1996,    1997,    1998,    1999,    2000,    2001,    2002,    2003,    2004,    2005,    2006,      GMST 91-**    AMST 91-**

       AGE
         1,        62520,   71768,   72494,   48636,   28217,   70756,  106564,   49783,   31766,   31325,       0,        1002,       43584,
         2,        47855,   40242,   49749,   46483,   24183,   15663,   50993,   75155,   34809,   25164,   24687,        1263,       33444,
         3,        31098,   22160,   23415,   22809,   18197,    8415,   11049,   31689,   40172,   24779,   17234,         865,       18801,
         4,        25671,   15588,   13267,    9966,    7633,    5219,    5247,    4942,   12771,   23587,   13573,         507,        8549,
         5,         7429,   12321,    9054,    6552,    3184,    1800,    3352,    2084,    2179,    2121,   11960,         268,        3547,
         6,         1829,    3097,    5561,    4028,    2271,     752,     534,    1932,     543,     530,    1055,         129,        1291,
       +gp,          221,     357,    2755,    4071,    3062,     912,     898,     994,     855,     933,     925,
0       TOTAL,    176623,  165532,  176296,  142546,   86747,  103517,  178638,  166579,  123096,  108438,   69435,
1


    Run title : HADDOCK LANDISC 2004 ROCKALL                                                    ,
 
    At 10/05/2017  11:33   

        Table 16    Summary     (without SOP correction)           

                   Terminal Fs derived using XSA (With F shrinkage)                              
 
,            RECRUITS,    TOTALBIO,    TOTSPBIO,    LANDINGS,   YIELD/SSB,  FBAR  2- 5,
 ,             Age 1
    1991,       109878,       51114,       15674,        5655,      0.3608,      0.7129,
    1992,       109569,       50459,       18967,        5320,      0.2805,      0.8119,
    1993,       122555,       54548,       19872,        4784,      0.2407,      0.6157,
    1994,        68692,       55770,       24238,        5733,      0.2365,      0.5827,
    1995,        61489,       47338,       29238,        5587,      0.1911,      0.5994,
    1996,        62520,       47040,       25233,        7075,      0.2804,      0.5674,
    1997,        71768,       41118,       21699,        5166,      0.2381,      0.3983,
    1998,        72494,       43375,       20716,        4984,      0.2406,      0.5873,
    1999,        48636,       32858,       16478,        5221,      0.3168,      0.8583,
    2000,        28217,       23093,       11714,        4558,      0.3891,      1.0982,
    2001,        70756,       20120,        6684,        1918,      0.2870,      0.4196,
    2002,       106564,       33590,        7016,        2571,      0.3664,      0.4888,
    2003,        49783,       35083,       12210,        5961,      0.4882,      0.7245,
    2004,        31766,       27060,       15499,        6400,      0.4129,      0.8205,
    2005,        31325,       23703,       15174,        5191,      0.3421,      0.3893,
 
 Arith.
   Mean   ,      69734,       39085,       17361,        5075,      0.3114,      0.6450,
0 Units,   (Thousands),    (Tonnes),    (Tonnes),    (Tonnes),
1
