Cod in Divisions VIIe-k, mean weights of catch (kg),WGCSE18										
1	3									
1971	2017									
1	10									
1										
0.908	2.193	4.831	7.464	9.669	11.784	13.862	15.494	16.195	16.315
0.908	2.193	4.831	7.464	9.669	11.784	13.862	15.494	16.195	16.315
0.908	2.193	4.831	7.464	9.669	11.784	13.862	15.494	16.195	16.315
0.908	2.193	4.831	7.464	9.669	11.784	13.862	15.494	16.195	16.315
0.908	2.193	4.831	7.464	9.669	11.784	13.862	15.494	16.195	16.315
0.908	2.193	4.831	7.464	9.669	11.784	13.862	15.494	16.195	16.315
0.908	2.193	4.831	7.464	9.669	11.784	13.862	15.494	16.195	16.315
0.908	2.193	4.831	7.464	9.669	11.784	13.862	15.494	16.195	16.315
0.908	2.193	4.831	7.464	9.669	11.784	13.862	15.494	16.195	16.315
0.908	2.193	4.831	7.464	9.669	11.784	13.862	15.494	16.195	16.315
0.945	1.549	4.385	7.565	9.06	12.75	13.822	19.232	19.232	19.232
0.945	2.242	4.474	7.797	10.25	12.465	15.074	16.908	18.538	20.949	
0.979	2.525	4.961	7.457	9.965	12.01	14.767	17.643	19.131	19.131	
0.981	2.645	5.284	7.828	9.758	11.672	14.548	16.527	16.527	16.527	
1.001	2.637	5.521	8.082	10.407	11.469	13.448	16.658	20.853	20.853	
1.054	2.554	5.398	7.44	10.782	12.396	13.558	13.558	13.558	13.558	
0.909	2.504	5.264	8.089	10.447	13.574	15.029	16.229	16.229	16.229	
0.906	2.187	5.318	7.997	10.649	12.486	13.805	14.285	16.592	16.592
0.844	2.013	4.706	7.638	9.438	12.917	12.479	15.407	16.683	16.683
0.88	2.3	4.624	7.188	9.045	11.713	13.769	16.786	13.081	13.081
0.905	2.135	4.987	6.738	8.865	10.809	13.768	15.478	15.478	15.478
0.815	1.916	4.916	7.359	9.744	11.498	12.474	15.117	15.117	15.117
0.871	2.043	4.508	6.866	8.431	10.942	12.147	13.646	16.53	16.53
0.874	2	4.492	7.926	10.092	12.212	13.072	15.865	15.865	15.865
0.806	1.973	4.589	7.56	9.75	11.152	13.983	14.147	14.147	14.147
0.787	1.877	4.639	6.997	9.854	11.407	13.04	10.363	10.363	10.363
0.771	2.039	4.516	7.389	9.719	11.82	14.367	13.687	13.687	13.687
0.853	1.896	4.461	6.881	9.329	11.216	13.904	14.573	17.161	14.02
0.993	2.098	4.495	7.326	8.945	11.255	13.877	15.988	15.988	17.159
0.863	2.541	4.629	7.042	9.502	10.660	11.746	14.476	14.720	14.720
0.794	2.029	5.112	7.858	9.832	11.423	13.206	14.879	16.311	16.311
0.757	1.880	4.728	6.764	9.360	10.774	12.876	13.463	13.719	14.300
0.889	1.844	4.274	6.667	9.506	11.064	12.040	12.762	11.139	11.139
0.884	2.177	4.543	7.073	9.435	10.802	11.985	14.115	14.115	12.468
0.776	2.118	3.907	6.168	9.194	11.544	10.037	12.657	13.835	13.835
0.789	1.793	4.716	7.404	9.186	11.646	12.313	12.699	12.699	12.699
0.772	1.657	4.276	7.463	9.697	11.863	12.441	13.953	15.046	15.046
0.847	1.804	4.541	7.164	9.229	11.095	13.470	12.807	15.178	16.086
0.923	2.384	4.248	6.721	8.895	10.584	10.342	10.497	16.169	14.560
0.853	2.226	4.789	7.285	9.975	11.948	12.188	14.489	15.119	15.119
0.532	1.449	4.551	7.745	9.524	10.597	12.749	10.595	10.595	10.595
1.093	1.712	3.510	7.077	10.196	12.232	14.106	13.929	11.214	16.248
0.982	2.159	4.087	6.977	8.363	10.479	11.904	16.384	12.989	12.989
0.811	2.454	4.726	7.228	9.114	11.080	12.014	16.659	16.659	16.659
0.915 	1.838 	4.144 	7.98 	9.539 	10.719 	11.891 	12.416 	16.165	16.165
0.850	1.991 	4.367 	7.167 	9.198 	11.131 	10.912 	14.379 	17.083	17.083
0.966	2.16	3.991	7.057	8.716	9.276	10.518	11.236	12.279	12.279