Cod in Divisions VIIe-k, tuning fleets,WGCSE18									
102										
FR-OTDEF Q2+3+4 trawlers in VIIe-k									
2000	2017									
1	1	0.25	1							
1	10									
217479	200742	93804	59384	35784	11253	5683	3988	545	356	0
223427	119879	383175	45401	44844	34907	11427	5256	2109	0	0
191161	188306	472476	144332	38748	16046	9760	4317	4212	252	0
184878	22380	134512	138065	59698	7928	7313	4455	847	424	0
164606	12412	54908	41644	21032	13420	1720	208	0	0	208
132472	13489	132632	10525	6207	8814	2861	367	54	237	0
117259	24447	148506	27730	3716	1912	1282	845	0	0	0
115878	265362	409573	76766	13367	2099	684	818	235	60	0
113485	77385	252690	44372	16057	4178	624	236	447	0	8
113348	106600	58211	46807	14017	5042	1939	894	353	0	19
100332	206831	103580	15881	8766	4600	678	102	0	17	0
101251  6870    1145981 92577   22801   17131   3074    551     0       0       0
124404	2709	108920  463339  109825  12257   6173    1939    176     1329    0
155301	41174	66032	126952	129554	21809	5676	1921	0	0	0
147143	160520	70506	23843	29394	48405	2958	191	0	0	0
135732  3473	409342  36700   6263    11629   7460    4640	0	0	0
131254	11768	21661	149990	12802	2733	2975	6765	0	0	0
130855	2135	83620	19322	23688	1831	946	1226	0	0	0
IR-GFS FR-EVHOE Q4 combined indices new 									
2003	2017									
1	1	0.79	0.92							
0	6									
1	0.14	0.61	0.75	0.50	0.17	0.00	0.00		#2003
1	0.24	0.88	0.24	0.15	0.14	0.07	0.00		#2004
1	0.06	1.81	0.26	0.09	0.00	0.00	0.00		#2005
1	0.04	1.39	0.67	0.08	0.00	0.00	0.02		#2006
1	0.00	1.93	0.64	0.19	0.05	0.00	0.00		#2007
1	0.00	0.55	0.88	0.24	0.12	0.00	0.00		#2008
1	0.10	1.38	0.17	0.26	0.12	0.00	0.01		#2009
1	0.12	7.34	0.76	0.04	0.06	0.07	0.00		#2010
1	0.02	4.09	3.54	0.22	0.04	0.03	0.00		#2011
1	0.00	0.39	1.32	0.80	0.19	0.04	0.00		#2012
1	0.08	0.42	0.05	0.21	0.23	0.00	0.00		#2013
1	0.00	3.64	0.27	0.12	0.15	0.20	0.00		#2014
1	0.00	0.31	1.36	0.12	0.00	0.05	0.06		#2015
1	0.00	2.27	0.18	0.81	0.07	0.02	0.07		#2016
1	0.04	0.32	0.60	0.27	0.17	0.02	0.00		#2017	