Cod VIa landings weights
1978 2017
  1  7+
  0.630  1.373  3.389  5.262  7.096  8.686  9.857
  0.693  1.373  2.828  4.853  6.433  7.784  9.636
  0.624  1.375  3.002  5.277  7.422  8.251  9.331
  0.550  1.166  2.839  4.923  7.518  9.314 10.328
  0.692  1.468  2.737  4.749  6.113  7.227  9.856
  0.583  1.265  2.995  4.398  6.305  8.084  9.744
  0.735  1.402  3.168  5.375  6.601  8.606 10.350
  0.628  1.183  2.597  4.892  6.872  8.344  9.766
  0.710  1.211  2.785  4.655  6.336  8.283  9.441
  0.531  1.312  2.783  4.574  6.161  7.989 10.062
  0.806  1.182  2.886  5.145  6.993  8.204  9.803
  0.704  1.298  2.425  4.737  7.027  7.520  9.594
  0.613  1.275  2.815  4.314  7.021  9.027 11.671
  0.640  1.095  2.618  4.346  6.475  8.134 10.076
  0.686  1.293  2.607  4.268  6.190  7.844 10.598
  0.775  1.316  2.940  4.646  6.244  7.802  8.409
  0.644  1.292  2.899  4.710  6.389  8.423  8.409
  0.606  1.148  2.857  4.956  6.771  8.539  9.505
  0.667  1.221  2.738  5.056  6.892  8.088 10.759
  0.595  1.210  2.571  4.805  6.952  7.821  9.630
  0.605  1.061  2.264  4.506  6.104  8.017  9.612
  0.691  1.039  2.194  4.688  6.486  8.252  9.439
  0.689  1.261  2.457  4.126  6.666  7.917  8.392
  0.654  0.988  2.679  4.568  5.860  7.741  9.386
  0.668  1.140  2.330  4.841  6.175  7.192  9.548
  0.671  1.016  2.312  3.854  6.220  8.075  8.839
  0.609  1.027  2.194  4.396  6.003  8.258  9.678
  0.776  1.172  2.624  4.118  4.908  6.753 10.240
  0.656  1.169  2.236  3.822  6.172  7.796 11.100
  0.476  0.976  2.512  4.285  6.491  7.733  8.810
  0.557  1.183  2.992  4.826  6.330  7.957  8.471
  0.988  1.961  3.132  4.759  5.904  8.171  8.646
  0.000  1.521  2.671  3.977  5.269  6.144  7.974
  0.000  1.434  3.200  4.057  5.832  6.525  9.891
  0.660  1.737  2.797  4.833  6.876  7.296  7.520
  0.993  1.372  2.966  4.073  6.141  7.158  9.849
  0.969  1.422  2.094  3.046  4.697  5.505  7.206
  0.834  2.623  2.947  3.840  5.456  5.561  8.819
  0.737	 1.411	2.427  3.958  5.267  6.606  7.746
  0.814	 1.172	2.087  4.539  5.630  5.142  9.241




   

        