Cod VIa discards weights 
1978 2017
  1  7+
  0.370  0.321  0.000  0.000  0.000  0.000  0.000
  0.276  0.430  0.000  0.000  0.000  0.000  0.000
  0.361  0.000  0.000  0.000  0.000  0.000  0.000
  0.135  0.326  0.000  0.000  0.000  0.000  0.000
  0.314  0.392  0.000  0.000  0.000  0.000  0.000
  0.223  0.374  0.000  0.000  0.000  0.000  0.000
  0.298  0.435  0.000  0.000  0.000  0.000  0.000
  0.178  0.346  0.000  0.000  0.000  0.000  0.000
  0.267  0.305  0.000  0.000  0.000  0.000  0.000
  0.166  0.370  0.000  0.000  0.000  0.000  0.000
  0.296  0.283  0.000  0.000  0.000  0.000  0.000
  0.332  0.590  0.000  0.000  0.000  0.000  0.000
  0.132  0.454  0.000  0.000  0.000  0.000  0.000
  0.245  0.351  0.000  0.000  0.000  0.000  0.000
  0.220  1.030  2.382  0.000  0.000  0.000  0.000
  0.239  0.812  3.723  0.000  0.000  0.000  0.000
  0.240  0.365  0.000  0.000  0.000  0.000  0.000
  0.203  0.256  0.000  0.000  0.000  0.000  0.000
  0.226  0.389  0.000  0.000  0.000  0.000  0.000
  0.321  0.328  0.000  0.000  0.000  0.000  0.000
  0.230  0.367  0.590  0.000  0.000  0.000  0.000
  0.294  0.299  0.000  0.000  0.000  0.000  0.000
  0.280  0.421  0.000  0.000  0.000  0.000  0.000
  0.248  0.417  0.000  0.000  0.000  0.000  0.000
  0.263  1.021  0.000  0.000  0.000  0.000  0.000
  0.272  0.570  0.390  0.000  0.000  0.000  0.000
  0.258  0.581  0.000  0.000  0.000  0.000  0.000
  0.285  0.501  0.000  0.000  0.000  0.000  0.000
  0.259  1.291  2.649  3.499  6.240  5.581 11.122
  0.198  0.940  3.016  4.453  5.018 10.627  0.000
  0.220  0.976  2.046  4.047  7.937  0.000  0.000
  0.261  1.312  2.248  3.324  0.000  6.448  0.000
  0.253  1.312  2.268  3.218  3.245  0.000  0.000
  0.212  1.023  2.207  2.993  4.891  4.168  0.000
  0.151  1.197  2.180  3.222  8.537  0.000  0.000
  0.111  0.945  2.119  3.050  5.029  0.000  6.270
  0.145  1.124  2.415  3.066  4.007  4.731  0.000
  0.344  0.994  2.320  3.409  4.414  6.103  0.000
  0.205	 1.111	2.228  3.759  4.435  0.000  0.000 
0.261	1.013	2.174	3.486	4.397	7.714	0


