Cod VIa discard numbers
1978 2017
  1  7+
     412          26           0.000       0.000       0.000       0.000       0.000
      16          81           0.000       0.000       0.000       0.000       0.000
    1171           0           0.000       0.000       0.000       0.000       0.000
      54         907           0.000       0.000       0.000       0.000       0.000
    1808           8           0.000       0.000       0.000       0.000       0.000
     843          25           0.000       0.000       0.000       0.000       0.000
    1088          11           0.000       0.000       0.000       0.000       0.000
    5188         114           0.000       0.000       0.000       0.000       0.000
     970          14           0.000       0.000       0.000       0.000       0.000
   14358          12           0.000       0.000       0.000       0.000       0.000
     231        1059           2           0.000       0.000       0.000       0.000
    6243           6           0.000       0.000       0.000       0.000       0.000
    4181          41           0.000       0.000       0.000       0.000       0.000
    2518          14           2           0.000       0.000       0.000       0.000
    7385         143           3           0.000       0.000       0.000       0.000
     279          84           1           0.000       0.000       0.000       0.000
    2743           6           0.000       0.000       0.000       0.000       0.000
     625          56           0.000       0.000       0.000       0.000       0.000
     191          50           0.000       0.000       0.000       0.000       0.000
    1521          34           0.000       0.000       0.000       0.000       0.000
     790         972           0           0.000       0.000       0.000       0.000
     230           5           0.000       0.000       0.000       0.000       0.000
    2882          33           0.000       0.000       0.000       0.000       0.000
     176         115           0           0.000       0.000       0.000       0.000
    1051         199           0           0.000       0.000       0.000       0.000
      69          26           1           0.000       0.000       0.000       0.000
     232.158      20.529       0.000       0.000       0.000       0.000       0.000
     107.690      19.749       0.001       0.000       0.000       0.000       0.000
    1209.756      46.597      23.960       1.729       2.603       0.798       0.150
     565.796    1489.406      50.425      38.243       2.534       3.071       0.000
      67.892     101.500     281.361       0.813       0.209       0.000       0.000
     604.774     149.774     109.210      94.466       0.000       4.825       0.000
     352.331     392.361      65.292       7.210       2.986       0.000       0.000
     316.337     281.259     534.632      42.411       0.268       1.767       0.000
     374.263      93.277     382.846      50.254       0.122       0.000       0.000
    2029.548     321.021     130.740     102.530      14.520       0.000       1.716
     704.925     316.420     255.448      50.697      19.472       0.512       0.000
     160.720     307.179     216.794      25.414       6.353	   0.721       0.000
    1007.843	 209.183     95.160	  46.057       6.369	   0	       0
    168.030	 294.263     375.719	  91.550      17.384	   1.838       0


