2018 COD AREA 6A                                                         
106
ScoGFS-WIBTS-Q1: Quarter one Scottish groundfish survey
1985 2010
1 1 0.00 0.25
1  7
10	1.5	23.7	8.6	13.6	3.9	2.5	1.2
10	1.5	6.9	26.8	5.6	7.3	2.5	1.9
10	57.4	16.2	15.3	22.8	3.0	2.8	0.0
10	0.0	64.9	14.2	3.4	2.1	0.7	0.2
10	4.5	7.2	45.1	8.6	1.9	0.5	0.8
10	2.0	24.6	4.1	14.7	4.2	1.6	0.8
10	4.8	5.4	17.4	5.2	13.4	2.8	0.5
10	7.3	11.5	5.4	7.6	3.4	2.3	0.5
10	1.7	38.2	12.7	1.7	1.4	1.1	0.0
10	13.6	14.7	25.1	5.8	1.0	0.0	0.0
10	6.4	23.8	14.0	16.5	1.2	1.9	0.7
10	2.8	20.9	24.1	4.1	2.8	1.3	0.0
10	11.1	7.7	11.6	7.9	4.2	4.7	1.0
10	2.8	30.9	5.3	8.7	3.7	0.6	2.0
10	1.5	8.2	8.2	1.4	3.2	0.5	0.5
10	13.3	5.4	6.9	1.3	0.0	0.4	0.0
10	2.7	18.4	5.7	13.2	19.5	1.1	1.6
10	5.3	4.3	10.6	2.6	0.5	3.0	0.0
10	2.7	16.7	2.0	4.7	1.8	0.7	0.4
10	5.7	3.0	5.6	2.3	1.7	0.0	0.0
10	1.3	1.5	1.2	0	0	0.4	0
10	2.2	1.9	1.1	0.3	0	0	0.3
10	2.1	18.8	3.4	1.2	0	0.6	0
10	0.8	2.1	44.2	6.3	0.8	0	0
10	1.8	2.6	2.3	0.4	0	0	0
10	4.6	16.2	3.7	1.0	0.7	0	0
IR-WCGFS: Irish West Coast GFS (VIa) - Effort (min. towed) - numbers at age
1993	2002
1	1	0.75	0.79
0	3
1849	0.0	312.0	49.0	13.0
1610	20.0	999.0	56.0	13.0
1826	78.0	169.0	142.0	69.0
1765	0.0	214.0	89.0	18.0
1581	6.0	565.0	31.0	10.0
1639	0.0	83.0	53.0	6.0
1564	0.0	24.0	14.0	3.0
1556	0.0	124.0	4.0	1.0
755	3.0	82.0	28.0	2.0
798	0.0	50.6	2.2	1.2
IRGFS-WIBTS-Q4: Quarter four Irish groundfish survey - Effort in hours) - numbers at age		
2003	2017				
1	1	0.79	0.92		
0	4				
1127	0	10	11	0	0
1200	0	24	10	1	0
960	63	13	7	0	2
1510	0	95	12	0	0
1173	0	161	12	0	1
1135	0	23	24	4	0
1378	1	75	4	5	0
1291	0	70	31	4	3
1287	1	26	26	4	0
1230	0	74	7	3	0
1295	0	92	11	0	0
1200	0	113	20	2	0
1213	0	15	11	3	0
962	0	27	23	2	0
1196	0	2	17	7	2
ScoGFS-WIBTS-Q4: Quarter four Scottish groundfish survey - Effort in hours - numbers at age		
1996	2009								
1	1	0.75	1.0						
0	6								
10	0	0.7	14.4	5	3	1.1	0.5
10	1	10.9	2.4	1.4	1.4	1.4	0.2
10	0	14.8	9.7	1.1	0	0	0
10	2	4	6	9.2	0.5	0	0
10	0	15.8	2.6	0.4	0.4	0	0
10	1	1.7	7.3	1.7	0.3	0	0
10	1	10.4	2.8	6.8	0.6	0	0
10	1	1.5	11.3	2.9	0.6	0	0
10	0	5.1	3.8	1.4	0	0.7	0
10	0	2.1	3	0	0.6	0.3	0
10	0	16.9	5.9	1.4	0.7	0	0
10	0	12	20	1.3	0.5	0	0.3
10	2	7.7	5	7	1	0	0
10	2	14.2	3.8	1.2	1.2	0.3	0
UKSGFS-WIBTS-Q1: Quarter one Scottish groundfish survey - Effort in hours - numbers at age
2011 2018
1 1 0.00 0.25
1  7
10	0.52	32.95	21.07	0.93	0.98	0.74	0.00
10	13.99	27.30	22.72	4.58	3.50	2.20	4.20
10	20.03	40.26	26.38	36.95	7.76	0.30	0.00
10	11.40	41.73	13.44	5.12	4.31	0.75	0.00
10	8.16	36.40	70.70	37.74	23.25	13.00	2.47
10	4.73	56.07	65.41	44.56	5.67	2.36	2.29
10	2.92	33.494	50.576	49.575	156.635	10.706	15.25
10	1.728	20.375	7.199	19.765	9.98	2.261	1.092
UKSGFS-WIBTS-Q4: Quarter four Scottish groundfish survey - Effort in hours - numbers at age
2011 2017
1 1 0.75 1.0
0  8
10	0.60	9.71	31.54	10.88	0.93	1.70	2.38	0.00	0.00
10	0.75	19.78	7.12	15.43	13.60	1.02	0.68	0.34	0.00
10	NA	NA	NA	NA	NA	NA	NA	NA	NA
10	1.67	23.65	28.06	15.63	5.57	6.63	1.37	0.00	0.00
10	3.64	28.17	52.53	34.22	10.58	4.24	5.27	1.18	0.59
10	0.374	6.162	34.941	45.443	118.92	14.893	5.773	3.176	0
10	2.127	10.024	6.221	24.427	10.881	8.538	0.767	0.511	0



