IRISH SEA PLAICE, 2018 catch-at-age - catch.n (units : thousands )
1	25	
1981	2017	
1	8	
1 
472.7933 6331.056 13552.2 3361.08 844.2136 222.1187 105.006 236
792.23 3284.654 6350.236 3456.996 1371.905 330.2753 137.0114 213
774.7133 6694.99 3950.814 3557.283 1538.821 648.6517 211.0206 252
573.3809 6376.715 7148.92 1284.343 1065.16 459.5462 299.0361 252.0001
511.5022 4928.925 7932.801 3533.367 618.8567 429.5574 262.0347 340
525.9794 4359.497 6852.404 3169.911 1298.688 344.5508 371.0569 308
730.3562 6678.858 7234.158 5697.922 1355.421 1074.01 123.0216 338.0001
405.6862 6825.65 7121.326 2801.111 1420.687 751.8306 316.0844 405.0003
263.7697 3722.26 8654.647 2961.119 871.1922 437.5241 214.099 364.0013
618.9953 2296.84 4112.805 3338.13 1165.602 467.7113 259.2567 223.0026
543.9993 5371.143 2486.323 2276.77 1255.106 468.843 182.2663 226.003
678.8742 4081.834 5869.91 1776.997 1433.175 912.3835 388.6285 294.0038
488.017 4097.449 3375.06 1715.134 503.2233 561.9039 377.5508 302.0026
503.4634 3994.777 4779.432 1662.489 689.4517 321.7964 245.3925 263.002
528.6504 3462.784 4125.476 2497.123 823.1181 322.27 138.108 157.1012
1242.139 3941.889 3673.978 1613.227 1037.162 376.7851 128.5742 135.1023
963.2684 8235.505 4668.177 2132.363 1118.312 493.0658 285.979 257.3098
691.6207 7333.161 11404.33 2388.808 827.0772 506.2235 408.6682 384.6037
650.5126 5261.306 8955.652 3027.889 942.8907 297.9564 200.046 241.8778
NA 4212.632 6096.322 2841.512 878.932 222.0875 222.0659 203.3383
526.9838 3308.566 5216.347 2284.277 953.3815 424.8118 179.9228 166.4217
490.9507 3604.929 4107.804 3039.382 1030.087 559.4964 319.0765 169.9206
NA 3566.729 4716.098 2937.132 910.5613 434.0983 253.8513 221.5536
92.83351 1579.789 4536.761 2782.84 1029.135 265.1296 115.3312 186.2921
204.4 3072.4 3501.4 2273.2 2281.5 539.1 218 238.8
858.5 2955.3 3583.8 2518.2 1163 516.4 232 219.6
837 4768.2 5242.5 4427.9 1453.6 782.2 254.5 291.32
831.6 4491.5 3573.5 1742.6 1246.3 385.6 168.3 396.8
56 2874.6 4522.3 1691.9 1028.2 523.4 187.5 179.7
980 4073.3 4187.5 3524.6 3159.2 831.1 995.7 474.1
542.2 1397.3 1333.2 1245.2 1071.8 550.1 272.8 341.9
218.8 4422.4 3642.1 2046.8 1100.6 934 547 500.1
239.8 1626.2 3152.3 1836.5 615.2 312.2 266.1 213.7
1030.2769 1891.9144 2774.7958 2007.9149 1309.6446 733.4495 344.4829 376.386
18.3319 1348.9369 1702.3150 1196.1946 1080.6377 1207.4144 319.1628 441.81
115.5834 313.8307 915.5802 992.9094 653.6203 709.3770 329.2165 670.559
45.4904 532.6231 1081.0020 1521.5096 1403.2372 1359.2160 738.8298 1242.0 
