IRISH SEA PLAICE, 2018 discards-at-age - discards.n (units : thousands )
1	22	
1981	2017	
1	8	
1 
450.7933 4589.056 7613.197 377.0802 7.213573 0.1187311 0.006016179 4.453146e-06
765.23 2569.654 3062.236 374.9962 13.90507 0.2752947 0.0114037 1.510096e-05
723.7133 3770.99 1456.814 346.2826 17.82124 0.6516578 0.02061089 4.491681e-05
532.3809 3217.715 1969.92 102.3435 11.15999 0.5461873 0.03605302 6.788379e-05
507.5022 2571.925 1780.801 232.3671 4.856691 0.5573916 0.03473684 4.519182e-05
494.9794 2707.497 1572.404 227.9109 11.68817 0.5508322 0.0569225 3.090914e-05
668.3562 2961.858 1917.158 445.9219 14.42129 2.009578 0.02156475 7.09239e-05
359.6862 3902.65 2081.326 249.1109 20.68724 1.830601 0.08444195 0.000295809
239.7697 1987.26 2709.647 290.1192 17.19224 1.524103 0.09895733 0.001275166
603.9953 1277.84 1397.805 403.1301 33.60173 2.711334 0.2566658 0.002602631
363.9993 3363.143 980.3226 347.7702 50.10609 3.843017 0.2662703 0.002954124
527.8742 2123.834 2660.91 341.9966 75.1752 9.383525 0.6284686 0.003802073
460.017 3187.449 1726.06 358.1341 29.22326 5.903925 0.550793 0.002590393
406.4634 2848.777 2606.432 353.4893 45.45175 3.796364 0.3924763 0.001995721
507.4504 2501.984 2422.776 561.4228 59.01809 4.069951 0.2080259 0.001238957
1205.139 3086.189 2328.778 417.0267 93.76188 6.785098 0.2742363 0.002330987
935.4684 7405.905 3078.577 618.9629 115.7116 10.76578 0.8789724 0.009832503
686.1207 6641.761 9665.135 1364.108 215.4772 30.52346 5.668166 0.1037331
582.3126 4458.706 7450.852 1734.289 247.3907 17.55638 3.646033 0.0777789
NA 3762.632 4922.022 1557.812 193.432 10.28752 2.765874 0.03827577
513.0838 2934.366 4078.247 1201.277 186.3815 16.21175 1.42283 0.02171085
489.8507 3399.329 3168.004 1557.682 187.8867 20.59639 1.376489 0.02058513
NA 3281.029 3685.198 1623.032 203.8613 19.0983 1.151277 0.05357718
85.33351 1381.489 3569.961 1678.64 324.1352 18.62958 1.031206 0.0921101
198 2844 2793 1096 1392 78 14 26
854 2775 2964 1968 479 170 12 2
837 4704 4892 3568 947 381 104 127
831 4393 3188 1354 837 171 27 278
56 2862 4318 1318 677 251 71 60
980 4066 4113 3254 2853 638 836 359
540 1344 1134 888 589 245 79 151
218.8 4414.8 3491.7 1754.8 799.6 567.3 329.2 274.3
238.4 1610 3065.5 1633.4 449.6 162.9 121.8 49.1
1027.1128 1885.4844 2709.6241 1842.8708 1149.2279 590.5411 274.0776 218.0260
18.3319 1347.8867 1659.1439 1103.5878 895.8439 997.0362 169.9740 92.9960
101.4340 300.2899 858.0229 831.0078 429.8573 363.6125 148.7766 188.619
45.4856 528.92041 1057.1241 1376.3218 1197.6988 1117.9172 529.9370 723.189   



