IRISH SEA PLAICE, 2018 landings fraction (numbers)
1	25	
1981	2017	
1	8	
1 
0.0465319622761152 0.275151570290959 0.438231528068844 0.887809817807977 0.991455274789807 0.999465461109867 0.999942706339894 0.999999981130738
0.0340810118273734 0.217678939699585 0.517776032260848 0.891525423140471 0.989864408038087 0.999166468989907 0.999916768241971 0.999999929103479
0.065830804763517 0.43674449102986 0.631262317081999 0.902655302111786 0.988418901730262 0.998995365552275 0.999902327597702 0.999999821758722
0.0715056954286409 0.495396140489264 0.724445091006753 0.920314542020885 0.989522710104798 0.99881146375469 0.999879435875254 0.999999730619954
0.00782010321754237 0.478197578579508 0.775514222529974 0.934236354892193 0.992152155627255 0.998702404822034 0.999867434217238 0.9999998670829
0.0589376694220344 0.378942800052391 0.770532502170041 0.928101796173514 0.991000018118283 0.998401303527602 0.999846593617991 0.999999899645659
0.0848900851392786 0.556532269438877 0.734985329322362 0.921739555608861 0.98936028959675 0.998128901230339 0.999824707562094 0.99999979016602
0.113388131023436 0.428237603744698 0.707733363140516 0.911067105554443 0.98543856844945 0.99756514167212 0.99973285002742 0.999999269607941
0.090988464558287 0.466114672268998 0.686914209210381 0.902023802351489 0.980265848098004 0.996516527913435 0.99953779630114 0.999996496808976
0.0242328172766417 0.443653018930356 0.660133412597971 0.879234754810785 0.971172203047434 0.994202975632829 0.999009993439482 0.999988329145179
0.330882778709458 0.3738496629116 0.605713836169128 0.847252832104004 0.960078203429003 0.991803190277653 0.998539113684821 0.999986928825725
0.222427071171655 0.479686337072992 0.546686405754092 0.807542344200321 0.947546399072493 0.989715372162162 0.998382854961027 0.999987067946152
0.0573750504593078 0.22208940245504 0.488583906656474 0.791191779115114 0.941927843319484 0.98949299918131 0.998541141986159 0.999991422613307
0.192665444995604 0.286874586491311 0.454656536592633 0.787373488659446 0.934075517249757 0.988202588889413 0.998400618038834 0.999992411764806
0.0401021166351146 0.277464606513141 0.412728131250794 0.775172130101091 0.928299364675608 0.987370988243331 0.99849374503296 0.999992113639534
0.0297873265391393 0.217078664569195 0.366142638850859 0.741495290153579 0.909597641594772 0.981992127512431 0.997867097578086 0.999982746507903
0.028860076796872 0.100734563332789 0.340518365091983 0.709729099113476 0.896530090540061 0.978165631368699 0.996926443952772 0.999961787301696
0.00795233572390184 0.0942840338566138 0.152503412079705 0.428958710787975 0.739471478599579 0.939703584658048 0.986130150396887 0.999730285769293
0.104840398172149 0.152547675425075 0.168027967142984 0.427228342914816 0.737625262397858 0.941077348301788 0.98177402998039 0.999678437182805
1 0.106821578528578 0.192624339724837 0.451766524301147 0.779923816632003 0.953678081505886 0.98754480393507 0.999811763083684
0.0263765223902518 0.113100358282108 0.218179503779177 0.474110626688445 0.804504807362006 0.961837802273595 0.992091998552935 0.999869543163034
0.00224055083331178 0.0570330233965773 0.228784041302847 0.487500419493173 0.81760108154003 0.963187626644025 0.995686021855405 0.999878854407285
1 0.0801014038352788 0.218591725617237 0.447409241396029 0.776114688818864 0.956004665302767 0.995464757894442 0.999758175062294
0.0807897923928547 0.125523092007857 0.213103577640524 0.396788891923359 0.685041187979966 0.929734056833644 0.991058742592183 0.999505560917472
0.0313111545988258 0.0743392787397474 0.202319072371052 0.517860285060707 0.389875082182775 0.855314412910406 0.935779816513762 0.891122278056951
0.0052417006406523 0.061009034615775 0.172944918801272 0.218489397188468 0.588134135855546 0.670797831138652 0.948275862068966 0.990892531876138
0 0.0134642003271675 0.0668574153552694 0.194200411030059 0.348514034122179 0.512912298644848 0.591355599214145 0.564053274749416
0.000721500721500722 0.0219303128130914 0.107877431089968 0.223000114771032 0.328412099815454 0.556535269709543 0.839572192513369 0.299395161290323
0 0.00438321853475266 0.0451761271919156 0.220994148590342 0.341567788368022 0.520443255636225 0.621333333333333 0.666110183639399
0 0.00179215869196966 0.0177910447761194 0.0767746694660387 0.0969232717143581 0.232342678378053 0.160389675605102 0.24277578569922
0.00405754334194024 0.0381449939168396 0.149414941494149 0.286861548345647 0.450457174846053 0.554626431557899 0.710410557184751 0.558350394852296
0 0.00171852387843705 0.0412948573625106 0.14266171584913 0.273487188806106 0.392612419700214 0.398171846435101 0.451509698060388
0.00583819849874896 0.00996187430820317 0.0275354503061257 0.110590797713041 0.269180754226268 0.478219090326714 0.54227733934611 0.770238652316331
0.00310585290214777 0.00338287053902448 0.0234969849079803 0.0821766021997033 0.122477537321861 0.194835004474115 0.204367424761436 0.42079983848087
0 0.000815426868181873 0.0253767761026429 0.0774125935743535 0.17100915481964 0.174253513353335 0.467456622406587 0.789504658258563
0.122041996295463 0.0430224172288528 0.0629079941098022 0.163056428804366 0.342381244728698 0.487445597589555 0.548034094768583 0.718697009331577
0.0955626784592258 0.00695182002147823 0.0220887637498577 0.0954235188525922 0.146474512899564 0.177527988375064 0.282734670420711 0.41816960388751
