IRISH SEA PLAICE, 2018 landings-at-age - landings.n (units : thousands )
1	2	
1981	2017	
1	8	
1 
22 1742 5939 2984 837 222 105 236
27 715 3288 3082 1358 330 137 213
51 2924 2494 3211 1521 648 211 252
41 3159 5179 1182 1054 459 299 252
4 2357 6152 3301 614 429 262 340
31 1652 5280 2942 1287 344 371 308
62 3717 5317 5252 1341 1072 123 338
46 2923 5040 2552 1400 750 316 405
24 1735 5945 2671 854 436 214 364
15 1019 2715 2935 1132 465 259 223
180 2008 1506 1929 1205 465 182 226
151 1958 3209 1435 1358 903 388 294
28 910 1649 1357 474 556 377 302
97 1146 2173 1309 644 318 245 263
21.2 960.8 1702.7 1935.7 764.1 318.2 137.9 157.1
37 855.7 1345.2 1196.2 943.4 370 128.3 135.1
27.8 829.6 1589.6 1513.4 1002.6 482.3 285.1 257.3
5.5 691.4 1739.2 1024.7 611.6 475.7 403 384.5
68.2 802.6 1504.8 1293.6 695.5 280.4 196.4 241.8
0 450 1174.3 1283.7 685.5 211.8 219.3 203.3
13.9 374.2 1138.1 1083 767 408.6 178.5 166.4
1.1 205.6 939.8 1481.7 842.2 538.9 317.7 169.9
0 285.7 1030.9 1314.1 706.7 415 252.7 221.5
7.5 198.3 966.8 1104.2 705 246.5 114.3 186.2
6.4 228.4 708.4 1177.2 889.5 461.1 204 212.8
4.5 180.3 619.8 550.2 684 346.4 220 217.6
0 64.2 350.5 859.9 506.6 401.2 150.5 164.32
0.6 98.5 385.5 388.6 409.3 214.6 141.3 118.8
0 12.6 204.3 373.9 351.2 272.4 116.5 119.7
0 7.3 74.5 270.6 306.2 193.1 159.7 115.1
2.2 53.3 199.2 357.2 482.8 305.1 193.8 190.9
0 7.6 150.4 292 301 366.7 217.8 225.8
1.4 16.2 86.8 203.1 165.6 149.3 144.3 164.6
3.2 6.4 65.2 165.0 160.4 142.9 70.4 158.4
0.0 1.1 43.2 92.6 184.8 210.4 149.2 348.8
14.1 13.5 57.6 161.9 223.8 345.8 180.4 481.9
04.806 3.7027 23.8780 145.1878 205.5385 241.2989 208.8928 519.7660  
