IRISH SEA PLAICE, 2018   maturity-at-age ogive - mat (units : NA )
1	6	
1981	2017	
1	8	
1 
0 0.24 0.57 0.74 0.93 1 1 1
0 0.24 0.57 0.74 0.93 1 1 1
0 0.24 0.57 0.74 0.93 1 1 1
0 0.24 0.57 0.74 0.93 1 1 1
0 0.24 0.57 0.74 0.93 1 1 1
0 0.24 0.57 0.74 0.93 1 1 1
0 0.24 0.57 0.74 0.93 1 1 1
0 0.24 0.57 0.74 0.93 1 1 1
0 0.24 0.57 0.74 0.93 1 1 1
0 0.24 0.57 0.74 0.93 1 1 1
0 0.24 0.57 0.74 0.93 1 1 1
0 0.24 0.57 0.74 0.93 1 1 1
0 0.24 0.57 0.74 0.93 1 1 1
0 0.24 0.57 0.74 0.93 1 1 1
0 0.24 0.57 0.74 0.93 1 1 1
0 0.24 0.57 0.74 0.93 1 1 1
0 0.24 0.57 0.74 0.93 1 1 1
0 0.24 0.57 0.74 0.93 1 1 1
0 0.24 0.57 0.74 0.93 1 1 1
0 0.24 0.57 0.74 0.93 1 1 1
0 0.24 0.57 0.74 0.93 1 1 1
0 0.24 0.57 0.74 0.93 1 1 1
0 0.24 0.57 0.74 0.93 1 1 1
0 0.24 0.57 0.74 0.93 1 1 1
0 0.24 0.57 0.74 0.93 1 1 1
0 0.24 0.57 0.74 0.93 1 1 1
0 0.24 0.57 0.74 0.93 1 1 1
0 0.24 0.57 0.74 0.93 1 1 1
0 0.24 0.57 0.74 0.93 1 1 1
0 0.24 0.57 0.74 0.93 1 1 1
0 0.24 0.57 0.74 0.93 1 1 1
0 0.24 0.57 0.74 0.93 1 1 1
0 0.24 0.57 0.74 0.93 1 1 1
0 0.24 0.57 0.74 0.93 1 1 1
0 0.24 0.57 0.74 0.93 1 1 1
0 0.24 0.57 0.74 0.93 1 1 1
0 0.24 0.57 0.74 0.93 1 1 1
