IRISH SEA PLAICE, 2018   natural mortality - m (units : NA )
1	5	
1981	2017	
1	8	
1 
0.1389918 0.1283001 0.1243611 0.1215475 0.1187339 0.1153576 0.1097304 0.1069168
0.1389918 0.1283001 0.1243611 0.1215475 0.1187339 0.1153576 0.1097304 0.1069168
0.1389918 0.1283001 0.1243611 0.1215475 0.1187339 0.1153576 0.1097304 0.1069168
0.1389918 0.1283001 0.1243611 0.1215475 0.1187339 0.1153576 0.1097304 0.1069168
0.1389918 0.1283001 0.1243611 0.1215475 0.1187339 0.1153576 0.1097304 0.1069168
0.1389918 0.1283001 0.1243611 0.1215475 0.1187339 0.1153576 0.1097304 0.1069168
0.1389918 0.1283001 0.1243611 0.1215475 0.1187339 0.1153576 0.1097304 0.1069168
0.1389918 0.1283001 0.1243611 0.1215475 0.1187339 0.1153576 0.1097304 0.1069168
0.1389918 0.1283001 0.1243611 0.1215475 0.1187339 0.1153576 0.1097304 0.1069168
0.1389918 0.1283001 0.1243611 0.1215475 0.1187339 0.1153576 0.1097304 0.1069168
0.1389918 0.1283001 0.1243611 0.1215475 0.1187339 0.1153576 0.1097304 0.1069168
0.1389918 0.1283001 0.1243611 0.1215475 0.1187339 0.1153576 0.1097304 0.1069168
0.1389918 0.1283001 0.1243611 0.1215475 0.1187339 0.1153576 0.1097304 0.1069168
0.1389918 0.1283001 0.1243611 0.1215475 0.1187339 0.1153576 0.1097304 0.1069168
0.1389918 0.1283001 0.1243611 0.1215475 0.1187339 0.1153576 0.1097304 0.1069168
0.1389918 0.1283001 0.1243611 0.1215475 0.1187339 0.1153576 0.1097304 0.1069168
0.1389918 0.1283001 0.1243611 0.1215475 0.1187339 0.1153576 0.1097304 0.1069168
0.1389918 0.1283001 0.1243611 0.1215475 0.1187339 0.1153576 0.1097304 0.1069168
0.1389918 0.1283001 0.1243611 0.1215475 0.1187339 0.1153576 0.1097304 0.1069168
0.1389918 0.1283001 0.1243611 0.1215475 0.1187339 0.1153576 0.1097304 0.1069168
0.1389918 0.1283001 0.1243611 0.1215475 0.1187339 0.1153576 0.1097304 0.1069168
0.1389918 0.1283001 0.1243611 0.1215475 0.1187339 0.1153576 0.1097304 0.1069168
0.1389918 0.1283001 0.1243611 0.1215475 0.1187339 0.1153576 0.1097304 0.1069168
0.1389918 0.1283001 0.1243611 0.1215475 0.1187339 0.1153576 0.1097304 0.1069168
0.1389918 0.1283001 0.1243611 0.1215475 0.1187339 0.1153576 0.1097304 0.1069168
0.1389918 0.1283001 0.1243611 0.1215475 0.1187339 0.1153576 0.1097304 0.1069168
0.1389918 0.1283001 0.1243611 0.1215475 0.1187339 0.1153576 0.1097304 0.1069168
0.1389918 0.1283001 0.1243611 0.1215475 0.1187339 0.1153576 0.1097304 0.1069168
0.1389918 0.1283001 0.1243611 0.1215475 0.1187339 0.1153576 0.1097304 0.1069168
0.1389918 0.1283001 0.1243611 0.1215475 0.1187339 0.1153576 0.1097304 0.1069168
0.1389918 0.1283001 0.1243611 0.1215475 0.1187339 0.1153576 0.1097304 0.1069168
0.1389918 0.1283001 0.1243611 0.1215475 0.1187339 0.1153576 0.1097304 0.1069168
0.1389918 0.1283001 0.1243611 0.1215475 0.1187339 0.1153576 0.1097304 0.1069168
0.1389918 0.1283001 0.1243611 0.1215475 0.1187339 0.1153576 0.1097304 0.1069168
0.1389918 0.1283001 0.1243611 0.1215475 0.1187339 0.1153576 0.1097304 0.1069168
0.1389918 0.1283001 0.1243611 0.1215475 0.1187339 0.1153576 0.1097304 0.1069168
0.1389918 0.1283001 0.1243611 0.1215475 0.1187339 0.1153576 0.1097304 0.1069168
