IRISH SEA PLAICE, 2018 discards weight-at-age - discards.wt (units : kg )
1	23	
1981	2017	
1	8	
1 
0.0874 0.1046 0.1298 0.1526 0.1704 0.231 0.3184 0.2112
0.0874 0.1046 0.1298 0.1526 0.1704 0.231 0.3184 0.2112
0.0874 0.1046 0.1298 0.1526 0.1704 0.231 0.3184 0.2112
0.0874 0.1046 0.1298 0.1526 0.1704 0.231 0.3184 0.2112
0.0874 0.1046 0.1298 0.1526 0.1704 0.231 0.3184 0.2112
0.0874 0.1046 0.1298 0.1526 0.1704 0.231 0.3184 0.2112
0.0874 0.1046 0.1298 0.1526 0.1704 0.231 0.3184 0.2112
0.0874 0.1046 0.1298 0.1526 0.1704 0.231 0.3184 0.2112
0.0874 0.1046 0.1298 0.1526 0.1704 0.231 0.3184 0.2112
0.0874 0.1046 0.1298 0.1526 0.1704 0.231 0.3184 0.2112
0.0874 0.1046 0.1298 0.1526 0.1704 0.231 0.3184 0.2112
0.0874 0.1046 0.1298 0.1526 0.1704 0.231 0.3184 0.2112
0.0874 0.1046 0.1298 0.1526 0.1704 0.231 0.3184 0.2112
0.0874 0.1046 0.1298 0.1526 0.1704 0.231 0.3184 0.2112
0.0874 0.1046 0.1298 0.1526 0.1704 0.231 0.3184 0.2112
0.0874 0.1046 0.1298 0.1526 0.1704 0.231 0.3184 0.2112
0.0874 0.1046 0.1298 0.1526 0.1704 0.231 0.3184 0.2112
0.0874 0.1046 0.1298 0.1526 0.1704 0.231 0.3184 0.2112
0.0874 0.1046 0.1298 0.1526 0.1704 0.231 0.3184 0.2112
0.0874 0.1046 0.1298 0.1526 0.1704 0.231 0.3184 0.2112
0.0874 0.1046 0.1298 0.1526 0.1704 0.231 0.3184 0.2112
0.0874 0.1046 0.1298 0.1526 0.1704 0.231 0.3184 0.2112
0.0874 0.1046 0.1298 0.1526 0.1704 0.231 0.3184 0.2112
0.057 0.115 0.145 0.164 0.211 0.29 0.238 0.21
0.099 0.117 0.134 0.179 0.178 0.277 0.644 0.356
0.141 0.113 0.141 0.145 0.162 0.21 0.274 0.077
0.044 0.081 0.113 0.14 0.15 0.205 0.219 0.243
0.096 0.097 0.116 0.135 0.151 0.173 0.217 0.17
0.033 0.08 0.119 0.147 0.165 0.196 0.232 0.276
0.083 0.101 0.138 0.183 0.201 0.14 0.194 0.225
0.077 0.098 0.116 0.141 0.157 0.168 0.164 0.176
0.026 0.038 0.081 0.119 0.162 0.2 0.157 0.1818593
0.064 0.069 0.094 0.116 0.144 0.157 0.181 0.1809776
0.05587 0.06689 0.08409 0.11975 0.12795 0.15049 0.15158 0.15317
0.08838 0.05948 0.07863 0.10052 0.09478 0.12604 0.15226 0.13621
0.13567 0.10288 0.10902 0.11994 0.14617 0.16132 0.15507 0.1699
0.09314	0.07995	0.11758	0.1238	0.12806	0.15322	0.1372	0.15702



