IRISH SEA PLAICE, 2018 landings weight-at-age - landings.wt (units : kg )
1	3	
1981	2017	
1	8	
1 
0.069 0.176 0.267 0.376 0.512 0.592 0.678 1.084589
0.201 0.274 0.284 0.348 0.421 0.545 0.65 0.8886901
0.232 0.261 0.29 0.319 0.368 0.426 0.484 0.6988373
0.26 0.29 0.33 0.38 0.47 0.56 0.66 0.9635714
0.29 0.31 0.34 0.39 0.47 0.54 0.63 0.8506176
0.27 0.28 0.34 0.42 0.5 0.54 0.63 0.9798377
0.26 0.29 0.315 0.37 0.44 0.52 0.61 0.9157988
0.23 0.26 0.3 0.37 0.46 0.55 0.68 1.24284
0.227 0.272 0.321 0.374 0.43 0.491 0.555 0.7606126
0.2 0.257 0.316 0.376 0.439 0.504 0.57 0.7472197
0.247 0.267 0.295 0.332 0.377 0.431 0.494 0.6522434
0.169 0.218 0.274 0.337 0.407 0.484 0.568 0.7988571
0.26 0.27 0.292 0.328 0.375 0.436 0.508 0.6898344
0.156 0.207 0.268 0.338 0.416 0.504 0.6 0.8155779
0.189 0.224 0.262 0.329 0.353 0.406 0.461 0.6990681
0.204 0.223 0.27 0.333 0.398 0.493 0.584 0.8371784
0.205 0.233 0.241 0.286 0.354 0.41 0.51 0.6203245
0.185 0.226 0.249 0.316 0.353 0.41 0.468 0.6547191
0.205 0.236 0.25 0.3 0.375 0.457 0.483 0.6154578
0 0.259 0.27 0.307 0.337 0.429 0.437 0.6227157
0.232 0.233 0.271 0.334 0.396 0.439 0.571 0.7639135
0.228 0.271 0.267 0.308 0.386 0.476 0.518 0.672967
0 0.235 0.289 0.335 0.383 0.458 0.567 0.6780108
0.214 0.239 0.258 0.297 0.347 0.416 0.543 0.5706466
0.235 0.245 0.265 0.292 0.322 0.394 0.441 0.6321593
0.2 0.256 0.265 0.282 0.321 0.378 0.425 0.5684476
0 0.28 0.266 0.281 0.32 0.371 0.416 0.4813481
0.246 0.228 0.257 0.281 0.311 0.364 0.431 0.5531254
0 0.257 0.256 0.265 0.305 0.33 0.395 0.4820927
0 0.26 0.265 0.282 0.301 0.356 0.392 0.4921764
0.236 0.251 0.257 0.283 0.298 0.354 0.404 0.513087
0.117 0.259 0.254 0.281 0.299 0.318 0.345 0.4298348
0.249 0.245 0.249 0.267 0.297 0.33 0.386 0.4168882
0.1813 0.25019 0.28189 0.29977 0.3355 0.37291 0.45658 0.49153
NA 0.18269 0.26393 0.28725 0.2986 0.34012 0.40282 0.6165
0.11317 0.14865 0.22926 0.31825 0.42157 0.36196 0.43253 0.65994
0.16638	0.22151	0.27335	0.34507	0.36957	0.40482	0.44152	0.5054
