IRISH SEA PLAICE, 2018 stock weight-at-age - stock.wt (units : thousands * kg / thousands )
1	4	
1981	2017	
1	8	
1 
0.08654381 0.1242458 0.1899254 0.3509367 0.5090811 0.591807 0.6779794 1.084589
0.0912716 0.1414748 0.2096411 0.3268041 0.41846 0.5447383 0.6499724 0.8886901
0.09691913 0.1729068 0.2309282 0.3028018 0.3657116 0.4258041 0.4839838 0.6988372
0.09974188 0.1964464 0.2748339 0.3618795 0.466861 0.559609 0.6599588 0.9635712
0.08898435 0.2028218 0.2928131 0.3743877 0.4676488 0.539599 0.6299587 0.8506176
0.09816202 0.1710666 0.2917659 0.4007744 0.4970336 0.539506 0.6299522 0.9798376
0.102052 0.2077811 0.2659193 0.3529862 0.4371315 0.5194593 0.6099489 0.9157987
0.1035691 0.1711481 0.2502562 0.350666 0.455783 0.5492233 0.6799034 1.242839
0.100102 0.1826276 0.261138 0.3523081 0.424877 0.4900943 0.5548906 0.7606107
0.09012862 0.1722127 0.2527168 0.349021 0.4312569 0.5024174 0.5697509 0.7472135
0.1402089 0.1653132 0.2298639 0.3045972 0.3687522 0.4293606 0.4937435 0.6522376
0.10555 0.1589964 0.2086322 0.3015108 0.3945895 0.481398 0.5675964 0.7988495
0.09730293 0.1413336 0.2090483 0.291375 0.3631184 0.4338461 0.5077234 0.6898303
0.1006168 0.133976 0.1926335 0.298579 0.3998089 0.5007793 0.5995496 0.8155734
0.09147438 0.1377293 0.1843627 0.2893404 0.3399075 0.4037899 0.4607852 0.6990643
0.0908732 0.1303021 0.1811332 0.2863658 0.3774244 0.4882819 0.5834335 0.8371676
0.09079394 0.1175343 0.1676656 0.2472779 0.3350029 0.4060916 0.5094111 0.6203089
0.08817615 0.1160461 0.1479784 0.2226919 0.3054275 0.3992069 0.4659251 0.6545995
0.09972923 0.1246448 0.149997 0.2155735 0.3213181 0.4436835 0.48 0.6153278
NA 0.1210933 0.1568059 0.2223527 0.3003353 0.4198283 0.4355228 0.6226382
0.09121405 0.1191221 0.1606069 0.2386037 0.3518963 0.4310623 0.5690024 0.7638414
0.08771502 0.1140903 0.1611892 0.2283576 0.3466748 0.466981 0.5171389 0.6729111
NA 0.1150452 0.1645998 0.2342075 0.335402 0.4480131 0.5658725 0.6778979
0.069684 0.1305649 0.1690807 0.2167729 0.3041656 0.4071465 0.5402729 0.5704683
0.1032583 0.1265154 0.1605038 0.2375182 0.234142 0.3770718 0.4540367 0.6020917
0.1413093 0.1217243 0.1624452 0.174933 0.2555133 0.322694 0.4171897 0.5639718
0.044 0.08367938 0.1232292 0.1673823 0.2092474 0.2901434 0.3354971 0.377441
0.09610823 0.09987287 0.1312107 0.167558 0.2035459 0.2792982 0.3966684 0.2847059
0.033 0.08077583 0.1251891 0.1730773 0.2128195 0.2657394 0.3332773 0.4132805
0.083 0.101285 0.1402595 0.1906007 0.2106923 0.190186 0.2257572 0.289864
0.07764515 0.1038362 0.1370675 0.1817343 0.2205145 0.2711605 0.3344985 0.3642126
0.026 0.03837979 0.08814401 0.1421112 0.1994677 0.2463283 0.2318563 0.2938226
0.06508007 0.07075329 0.09826799 0.1326992 0.1851847 0.2397319 0.2921669 0.3626851
0.05626 0.06752 0.08874 0.13454 0.15337 0.19383 0.21392 0.29553
0.08838 0.05957 0.08333 0.11497 0.12963 0.16334 0.26938 0.51541
0.13291 0.10486 0.11658 0.15227 0.24045 0.25911 0.30714 0.5221
0.09315	0.08094	0.12102	0.14492	0.16343	0.19789	0.22324	0.3027
